core
860 163 180 230 21 624 203 43 627 155 86 182 656 124 36 181 53 557 204 128 459 36 143 154 84 871 32 152 130 21 131 11 855 95 149 203 778 20 209 20 181 26 407 123 136 198 511 205 34 389 238 635 217 64 224 66 454 159 169 22 25 40 787 105 112 404 250 203 70 43 196 250 232 82 829 584 840 68 233 436 132 169 84 123 23 664 40 35 59 24 128 92 185 196 133 109 167 479 353 812 666 885 174 117 42 227 212 54 196 238 18 638 211 232 632 29 52 471 177 247 143 119 176 42 862 70 173 138 575 86 84 59 168 56 61 45 232 83 226 669 799 91 239 49 774 856 220 245 245 69 39 220 146 65 74 203 241 95 228 158 781 469 572 144 37 80 26 6 199 167 149 458 838 108 46 237 112 172 464 147 73
has_camera
0 0 0 1 1 0 1 0 0 0 1 0 0 0 0 0 1 0 1 0 0 1 0 0 0 0 1 0 0 0 0 1 0 0 0 1 0 0 0 1 0 1 0 0 0 0 0 0 0 0 0 0 0 0 1 0 0 1 1 1 1 1 0 1 0 0 0 0 1 1 0 0 0 0 0 0 0 0 1 0 0 1 0 0 0 0 0 1 1 1 0 0 1 1 0 0 0 0 0 0 0 0 1 0 1 1 0 0 1 0 0 0 1 0 0 1 1 0 0 0 0 0 0 0 0 1 1 0 0 1 1 0 1 1 1 1 0 0 0 0 0 0 0 0 0 0 1 0 1 1 0 0 1 1 0 1 0 0 1 0 0 0 0 0 0 0 1 1 1 1 0 0 0 0 0 0 0 0 0 1 1
has_gpu
0 0 0 0 0 0 0 0 0 1 1 1 0 0 1 1 0 0 1 0 0 1 0 1 0 0 0 1 0 0 1 0 0 0 0 0 0 0 0 0 1 0 0 1 1 1 0 1 1 0 1 0 0 1 1 1 0 1 0 0 0 0 0 0 1 0 1 1 0 1 0 0 0 1 0 0 0 1 0 0 1 0 0 1 1 0 0 0 1 0 0 1 0 1 1 0 0 0 0 0 0 0 0 1 1 1 0 0 0 1 0 0 1 0 0 0 0 0 1 1 1 0 1 1 0 0 1 1 0 0 0 0 0 0 1 0 1 0 0 0 0 0 1 0 0 0 1 1 1 0 0 0 1 0 1 1 1 0 1 0 0 0 0 0 0 0 0 0 1 0 1 0 0 1 1 1 1 0 0 1 0
bandwidth
1,0 110
2,0 95
3,2 66
4,3 174
5,0 51
6,5 103
7,3 178
9,8 82
10,8 140
11,9 103
12,8 103
13,9 189
14,13 119
15,9 199
16,13 120
18,17 163
19,17 160
20,17 137
21,19 132
22,20 54
23,20 93
24,18 107
25,17 193
26,22 157
27,25 73
28,20 64
29,27 162
30,19 134
31,27 171
32,45 105
33,32 119
34,33 150
35,33 200
35,41 97
36,32 89
36,39 169
37,35 176
38,34 116
39,37 194
39,34 58
40,36 82
40,34 94
41,38 54
42,32 150
43,40 132
44,42 122
45,40 133
47,46 71
48,47 131
49,50 198
50,49 147
51,49 148
52,51 181
52,49 158
52,50 195
53,52 66
54,50 182
54,49 79
55,53 177
57,56 61
58,57 170
59,58 50
59,61 135
59,56 89
60,58 95
61,59 95
61,58 106
62,56 63
62,66 157
62,60 69
63,57 182
64,58 52
64,63 130
65,56 135
65,59 63
66,63 163
66,64 101
67,62 71
67,64 191
68,69 128
69,70 146
70,71 131
71,72 84
72,73 149
73,74 100
74,75 178
77,76 56
78,76 169
80,79 151
81,79 50
82,79 69
83,82 91
84,83 161
85,79 150
86,83 92
87,88 93
88,89 72
89,90 100
90,91 133
91,92 175
92,93 184
93,94 112
94,95 117
95,96 127
96,97 141
97,98 171
98,99 56
101,100 169
101,106 82
102,101 127
103,101 169
104,102 78
105,101 159
105,104 80
106,103 137
107,106 186
108,102 195
109,105 152
110,109 104
112,111 114
113,111 160
114,111 59
115,114 163
116,112 122
117,111 200
118,114 185
119,112 115
120,114 74
121,113 78
122,114 174
123,116 190
125,124 145
126,124 97
126,127 73
127,124 117
129,128 141
129,130 54
129,133 78
130,128 177
130,132 117
130,131 140
131,130 174
132,128 85
133,131 125
134,135 180
135,136 166
136,137 163
137,138 118
138,139 77
141,140 118
142,140 94
143,141 145
144,140 187
145,140 52
146,142 130
147,144 130
148,144 55
149,143 72
150,148 89
151,144 88
152,141 153
153,154 166
154,155 71
155,156 113
156,157 114
157,158 199
158,159 145
159,160 182
160,161 113
162,164 187
163,162 105
164,163 164
165,162 68
165,164 166
166,167 120
167,168 184
168,169 52
169,170 134
170,171 61
173,172 117
173,180 51
173,177 162
174,173 191
175,172 187
175,180 151
176,175 140
176,180 145
177,172 151
178,172 57
179,178 188
180,179 77
180,173 174
180,172 121
latency
1,0 4
2,0 4
3,2 4
4,3 4
5,0 2
6,5 4
7,3 3
9,8 4
10,8 4
11,9 3
12,8 4
13,9 2
14,13 2
15,9 3
16,13 3
18,17 3
19,17 4
20,17 4
21,19 2
22,20 3
23,20 4
24,18 3
25,17 3
26,22 4
27,25 4
28,20 4
29,27 2
30,19 3
31,27 4
32,45 4
33,32 3
34,33 3
35,33 3
35,41 3
36,32 4
36,39 4
37,35 3
38,34 4
39,37 4
39,34 4
40,36 3
40,34 4
41,38 3
42,32 4
43,40 2
44,42 3
45,40 4
47,46 3
48,47 3
49,50 2
50,49 3
51,49 4
52,51 3
52,49 3
52,50 3
53,52 3
54,50 3
54,49 3
55,53 4
57,56 4
58,57 3
59,58 4
59,61 3
59,56 3
60,58 2
61,59 2
61,58 4
62,56 3
62,66 2
62,60 2
63,57 3
64,58 4
64,63 4
65,56 3
65,59 4
66,63 3
66,64 3
67,62 3
67,64 2
68,69 4
69,70 3
70,71 4
71,72 4
72,73 3
73,74 4
74,75 3
77,76 3
78,76 4
80,79 4
81,79 3
82,79 4
83,82 3
84,83 3
85,79 4
86,83 3
87,88 2
88,89 4
89,90 2
90,91 3
91,92 4
92,93 4
93,94 2
94,95 4
95,96 2
96,97 4
97,98 3
98,99 3
101,100 3
101,106 3
102,101 3
103,101 4
104,102 3
105,101 4
105,104 3
106,103 3
107,106 4
108,102 2
109,105 3
110,109 4
112,111 4
113,111 3
114,111 3
115,114 3
116,112 2
117,111 3
118,114 2
119,112 3
120,114 4
121,113 2
122,114 4
123,116 3
125,124 2
126,124 4
126,127 4
127,124 3
129,128 3
129,130 3
129,133 3
130,128 3
130,132 4
130,131 4
131,130 4
132,128 4
133,131 4
134,135 4
135,136 4
136,137 4
137,138 4
138,139 3
141,140 3
142,140 2
143,141 4
144,140 3
145,140 2
146,142 2
147,144 4
148,144 4
149,143 3
150,148 3
151,144 3
152,141 4
153,154 3
154,155 3
155,156 2
156,157 3
157,158 2
158,159 3
159,160 4
160,161 4
162,164 4
163,162 3
164,163 2
165,162 4
165,164 3
166,167 2
167,168 3
168,169 3
169,170 4
170,171 4
173,172 2
173,180 3
173,177 4
174,173 3
175,172 3
175,180 4
176,175 4
176,180 4
177,172 2
178,172 4
179,178 4
180,179 3
180,173 3
180,172 3
