core
54 75 51 88 230 206 127 166 104 134 218 580 517 409 36 34 174 90 170 850 750 65 74 203 241 95 228 158 781 469 492 136 16 229 747 75 110 482 170 82 73 628 87 170 209 24 19 39 66 10 225 162 88 225 201 187 441 790 765 62 239 697 374 117 94 161 51 572 220 16 170 671 86 13 101 647 89 900 899 99 200 69 117 231 80 48 24 131 216 58 70 235 245 190 231 156 801 683 70 43 196 250 232 82 829 584 567 174 90 189 72 447 35 184 54 177 162 438 774 195 136 220 47 706 115 36 218 866 104 56 243 51 42 137 186 92 656 13 59 28 171 197 151 94 92 169 242 99 546 692 564 573 244 153 216 44 50 594 149 49 110 162 122 871 144 20 45 141 64 11 174 82 529 632 100 241 23 673 165 224 59 115 60 855 95 149 203 778 20 209 20 181 26 407 123 136 198 834 12 164 54 61 37 130 231 176 226 160 488 872 361 719 105 241 65 44 125 35 59 24 128 92 185 196 133 109 167 479 353 812
has_camera
0 1 1 1 1 0 1 0 0 0 0 0 0 0 1 0 1 0 1 0 0 1 0 1 0 0 1 0 0 0 0 0 1 0 0 0 1 0 0 0 0 0 0 0 1 1 1 0 0 0 1 1 1 1 1 1 0 0 0 0 1 0 0 0 1 0 1 0 0 1 0 0 0 1 0 0 0 0 0 0 0 1 0 0 0 0 1 1 0 0 0 0 0 0 0 0 0 0 1 1 0 0 0 0 0 0 0 0 0 1 1 0 0 0 0 0 0 0 0 0 1 1 0 0 0 1 1 0 0 1 1 0 0 0 0 1 0 1 0 1 0 0 0 1 1 1 0 0 0 0 0 0 1 0 0 1 1 0 0 1 0 0 0 0 0 0 0 0 0 0 1 0 0 0 0 1 0 0 0 0 1 0 1 0 0 0 1 0 0 0 1 0 1 0 0 0 0 0 1 0 0 1 0 0 0 1 0 1 0 0 0 0 0 1 1 1 0 1 1 1 0 0 1 1 0 0 0 0 0 0
has_gpu
0 0 0 0 1 1 0 1 0 0 0 0 0 0 1 1 1 0 1 0 0 0 1 1 1 0 1 0 0 0 0 1 0 0 0 1 0 0 0 1 0 0 1 1 1 0 0 0 0 0 1 1 1 1 1 0 0 0 0 0 0 0 0 0 1 1 1 0 1 1 1 0 1 1 0 0 1 0 0 0 0 0 0 0 0 0 0 1 1 0 0 0 1 0 0 1 0 0 0 1 0 0 0 1 0 0 0 0 0 0 0 0 1 0 1 1 0 0 0 0 1 1 0 0 1 0 0 0 1 0 0 1 1 1 0 0 0 0 1 1 1 0 0 0 1 0 1 1 0 0 0 0 1 1 1 1 1 0 1 0 1 1 0 0 1 0 1 0 0 0 0 0 0 0 0 0 0 0 0 0 0 0 0 0 0 0 0 0 0 0 0 1 0 0 1 1 1 0 0 1 1 1 1 0 1 0 1 1 0 0 0 0 1 0 1 0 0 0 1 0 0 1 0 1 1 0 0 0 0 0
bandwidth
0,1 93
1,2 184
2,3 79
3,4 166
4,5 136
5,6 69
6,7 88
7,8 175
8,9 63
9,10 160
10,11 157
11,12 97
12,13 169
14,15 62
15,16 84
16,17 194
17,18 88
18,19 102
19,20 90
21,22 166
22,23 71
23,24 113
24,25 114
25,26 199
26,27 145
27,28 182
28,29 113
31,30 148
32,31 109
33,30 124
34,30 54
35,34 167
36,31 179
37,39 107
38,37 166
39,37 180
39,40 99
40,39 79
42,41 128
42,44 182
43,41 186
44,41 177
44,45 199
45,44 121
46,44 136
47,48 80
48,49 104
49,50 97
50,51 84
51,52 171
52,53 73
53,54 162
54,55 180
55,56 147
56,57 128
57,58 193
59,60 87
60,61 151
63,62 90
64,63 79
65,63 107
65,67 189
65,74 56
66,64 147
67,62 97
67,63 154
68,67 189
69,64 119
70,68 95
71,62 101
72,71 105
72,64 179
73,70 75
73,62 81
74,65 162
76,75 87
77,75 93
78,75 140
79,76 111
80,77 117
81,80 88
82,80 85
83,78 153
84,76 183
85,82 66
86,81 136
87,77 133
88,83 109
89,90 182
90,91 141
91,92 97
92,93 158
93,94 81
94,95 124
95,96 154
96,97 103
98,99 128
99,100 146
100,101 131
101,102 84
102,103 149
103,104 100
104,105 178
106,110 174
107,106 162
108,106 59
109,108 71
110,109 103
111,106 62
112,109 184
112,113 101
113,108 94
113,109 189
113,111 178
114,115 84
115,116 180
116,117 171
119,118 165
120,119 112
121,119 135
121,123 165
121,130 142
122,120 165
123,118 84
123,119 171
124,123 165
125,120 181
126,124 79
127,118 76
128,127 72
128,120 159
129,126 158
129,118 181
130,121 123
131,132 90
132,133 181
133,134 169
134,135 159
135,136 171
137,138 137
138,139 170
139,140 157
140,141 83
141,142 150
142,143 125
143,144 173
144,145 62
145,146 169
146,147 162
147,148 107
148,149 62
149,150 83
152,151 65
153,152 187
154,151 84
155,153 166
156,155 150
158,157 140
159,158 84
159,167 159
160,157 112
160,166 121
161,160 92
161,163 105
162,157 156
163,157 57
164,163 146
165,164 139
165,163 117
166,161 182
167,163 69
167,157 173
168,169 53
169,170 101
170,171 87
171,172 158
173,175 117
174,173 157
175,173 192
175,176 98
176,175 82
178,177 83
178,179 107
178,182 97
179,177 144
179,181 186
179,180 85
180,179 161
181,177 172
182,180 63
183,196 105
184,183 119
185,184 150
186,184 200
186,192 97
187,183 89
187,190 169
188,186 176
189,185 116
190,188 194
190,185 58
191,187 82
191,185 94
192,189 54
193,183 150
194,191 132
195,193 122
196,191 133
198,197 92
199,197 112
200,201 73
201,202 96
202,203 167
203,204 170
204,205 147
205,206 199
206,207 197
207,208 59
208,209 149
211,210 186
212,211 178
213,211 60
214,213 89
215,213 187
216,212 178
217,218 93
218,219 72
219,220 100
220,221 133
221,222 175
222,223 184
223,224 112
224,225 117
225,226 127
226,227 141
227,228 171
228,229 56
latency
0,1 4
1,2 4
2,3 2
3,4 3
4,5 3
5,6 3
6,7 2
7,8 4
8,9 3
9,10 2
10,11 3
11,12 2
12,13 3
14,15 3
15,16 4
16,17 4
17,18 3
18,19 4
19,20 3
21,22 3
22,23 3
23,24 2
24,25 3
25,26 2
26,27 3
27,28 4
28,29 4
31,30 4
32,31 3
33,30 4
34,30 3
35,34 3
36,31 2
37,39 4
38,37 3
39,37 3
39,40 3
40,39 4
42,41 3
42,44 3
43,41 4
44,41 3
44,45 4
45,44 4
46,44 3
47,48 4
48,49 4
49,50 3
50,51 3
51,52 4
52,53 4
53,54 3
54,55 4
55,56 3
56,57 4
57,58 3
59,60 4
60,61 4
63,62 4
64,63 4
65,63 3
65,67 3
65,74 3
66,64 2
67,62 4
67,63 4
68,67 3
69,64 4
70,68 4
71,62 4
72,71 4
72,64 4
73,70 3
73,62 4
74,65 3
76,75 4
77,75 2
78,75 3
79,76 3
80,77 4
81,80 3
82,80 3
83,78 4
84,76 4
85,82 3
86,81 3
87,77 3
88,83 3
89,90 4
90,91 4
91,92 3
92,93 2
93,94 4
94,95 4
95,96 4
96,97 3
98,99 4
99,100 3
100,101 4
101,102 4
102,103 3
103,104 4
104,105 3
106,110 4
107,106 3
108,106 4
109,108 4
110,109 3
111,106 4
112,109 3
112,113 4
113,108 3
113,109 4
113,111 3
114,115 4
115,116 3
116,117 3
119,118 3
120,119 4
121,119 4
121,123 4
121,130 4
122,120 4
123,118 3
123,119 3
124,123 4
125,120 2
126,124 3
127,118 4
128,127 3
128,120 3
129,126 3
129,118 4
130,121 4
131,132 4
132,133 3
133,134 3
134,135 3
135,136 4
137,138 2
138,139 3
139,140 4
140,141 3
141,142 3
142,143 4
143,144 3
144,145 2
145,146 4
146,147 4
147,148 4
148,149 4
149,150 4
152,151 4
153,152 4
154,151 4
155,153 3
156,155 4
158,157 4
159,158 3
159,167 4
160,157 4
160,166 3
161,160 3
161,163 3
162,157 3
163,157 2
164,163 3
165,164 3
165,163 3
166,161 3
167,163 4
167,157 4
168,169 4
169,170 2
170,171 4
171,172 3
173,175 4
174,173 3
175,173 4
175,176 3
176,175 3
178,177 4
178,179 3
178,182 3
179,177 4
179,181 2
179,180 4
180,179 3
181,177 3
182,180 3
183,196 4
184,183 3
185,184 3
186,184 3
186,192 3
187,183 4
187,190 4
188,186 3
189,185 4
190,188 4
190,185 4
191,187 3
191,185 4
192,189 3
193,183 4
194,191 2
195,193 3
196,191 4
198,197 4
199,197 4
200,201 4
201,202 4
202,203 3
203,204 2
204,205 3
205,206 4
206,207 4
207,208 3
208,209 4
211,210 3
212,211 3
213,211 2
214,213 4
215,213 2
216,212 3
217,218 2
218,219 4
219,220 2
220,221 3
221,222 4
222,223 4
223,224 2
224,225 4
225,226 2
226,227 4
227,228 3
228,229 3
