core
62 239 697 524 191 114 158 546 233 220 34 37 30 212 72 234 863 122 695 245 127 223 555 136 17 209 75 544 43 99 697 186 144 142 850 49 114 66 172 57 408 206 224 136 547 156 202 7 562 126 166 181 56 54 61 37 130 231 176 226 160 488 872 407 111 195 212 40 782 30 170 73 69 195 183 163 90 175 520 687 439 17 82 168 31 9 197 146 85 149 123 490 354 734 183 136 618 221 110 223 100 16 595 34 243 140 43 50 770 140 120 84 69 48 59 40 147 88 876 62 154 351 857 823 779 181 192 130 180 218 168 55 246 40 48 603 196 208 47 27 633 611 441 178 222 214 160 73 5 21 219 182 126 806 31 246 94 754 89 43 91 34 174 825 240 85 147 157 369 63 35 642 80 121 248 536 18 7 360 106 226 23 369 162 33 787 734 212 109 75 30 219 874 193 358 121 36 16 212 145 212 164 20 31 9 197 146 85 149 123 490 354 605 30 192 173 666 885 174 117 42 227 212 54 196 238 18
has_camera
0 1 0 0 1 1 0 0 0 0 1 0 0 1 1 0 0 1 0 1 0 0 0 1 1 0 1 0 1 1 0 0 0 0 0 0 0 1 0 0 0 0 0 1 0 1 0 1 0 1 0 1 1 0 1 0 0 0 1 0 1 0 0 0 0 0 0 1 0 0 0 0 1 0 1 0 0 0 0 0 0 0 1 0 1 0 0 0 0 1 0 0 0 0 1 0 0 0 0 0 0 1 0 0 0 1 1 0 0 0 0 1 1 0 1 0 0 0 0 0 0 0 0 0 0 1 0 0 0 1 1 0 1 1 1 0 0 0 1 0 0 0 0 0 0 0 0 1 1 1 0 0 0 0 0 0 0 0 1 0 0 0 1 0 0 1 1 0 0 0 0 0 0 0 0 0 1 1 0 1 1 0 0 0 0 0 0 0 1 1 0 0 0 0 0 0 0 1 0 0 1 0 0 1 0 0 0 0 1 0 0 0 0 1 1 1 0 0 1 0 1 1 0 0 1 0 0
has_gpu
0 0 0 0 1 1 1 0 1 0 0 1 1 0 0 0 0 1 0 1 0 1 0 1 1 0 0 0 1 0 0 1 0 1 0 0 1 1 0 1 0 1 0 1 0 1 0 0 0 1 0 0 0 1 1 1 0 1 0 1 1 0 0 0 0 1 0 0 0 0 0 0 1 0 0 0 1 1 0 0 0 0 1 1 1 1 1 1 1 1 1 0 0 0 0 0 0 1 1 0 1 0 0 0 1 1 0 0 0 1 0 1 0 0 0 1 1 0 0 0 0 0 0 0 0 1 1 1 1 1 0 0 0 0 0 0 1 0 0 0 0 0 0 0 1 0 0 0 0 0 0 0 0 0 1 1 0 0 1 0 1 0 1 0 1 1 1 1 0 0 0 0 0 1 1 0 1 0 0 0 0 0 0 1 1 0 0 1 0 0 0 1 0 1 0 0 0 1 0 1 0 0 0 1 1 1 1 1 1 1 0 0 0 0 1 1 0 0 0 1 1 1 0 0 0 1 0
bandwidth
0,1 87
1,2 151
4,3 163
4,15 138
4,8 107
5,3 124
5,10 167
6,4 112
7,3 115
7,12 139
8,7 137
9,7 62
9,10 188
10,6 162
11,10 149
12,10 128
12,13 144
13,9 161
14,12 128
15,9 129
15,7 146
16,3 70
17,5 91
17,4 186
17,7 155
19,18 187
20,18 115
21,19 52
22,18 173
23,19 114
24,23 161
25,19 142
26,23 192
28,27 104
29,27 165
30,43 67
31,30 97
32,31 143
33,31 160
33,39 88
34,30 199
34,37 177
35,33 50
36,32 125
37,35 54
37,32 129
38,34 50
38,32 111
39,36 121
40,30 107
41,38 175
42,40 124
43,38 97
45,44 86
46,44 195
47,45 194
48,44 98
49,45 164
50,45 54
51,48 93
52,50 163
53,54 73
54,55 96
55,56 167
56,57 170
57,58 147
58,59 199
59,60 197
60,61 59
61,62 149
63,67 196
64,63 67
65,63 119
66,65 150
67,66 164
68,63 162
69,66 160
69,70 129
70,65 103
70,66 195
70,68 181
71,72 142
72,73 181
73,74 130
74,75 173
75,76 182
76,77 198
77,78 60
78,79 87
81,80 53
82,80 121
83,80 125
84,85 145
85,86 128
86,87 172
87,88 74
88,89 153
89,90 68
90,91 136
91,92 123
94,93 196
95,93 68
96,93 121
97,95 146
98,97 56
99,98 85
100,97 132
101,99 73
102,93 150
103,99 140
104,97 196
105,104 198
106,103 132
107,103 57
109,108 93
109,111 144
110,108 94
111,108 113
111,112 148
112,111 179
113,111 114
114,115 144
115,116 125
116,117 65
117,118 52
119,120 182
120,121 126
123,122 164
124,122 120
125,124 52
126,125 74
127,125 99
128,124 165
129,124 129
130,127 149
131,130 172
132,127 50
133,132 94
134,130 100
135,139 183
136,135 112
137,136 151
137,138 145
138,137 144
139,137 66
139,138 103
139,135 188
141,140 191
142,140 84
143,142 199
144,142 65
145,142 120
146,141 127
147,146 97
148,145 199
149,146 169
150,141 189
151,144 52
152,142 104
153,156 119
153,155 170
154,153 180
155,153 126
156,153 67
157,160 88
158,157 156
158,159 110
159,158 157
160,157 126
161,159 137
161,157 61
162,158 57
164,163 164
164,170 74
165,163 127
165,164 114
166,163 82
166,167 66
166,170 176
167,163 182
168,163 159
168,164 163
169,168 142
169,165 58
170,165 105
172,171 97
173,171 144
174,171 161
175,171 64
176,175 117
177,172 64
178,180 146
179,178 116
179,183 172
180,178 171
180,184 142
180,183 73
181,179 105
181,183 167
182,178 135
183,182 87
184,181 86
186,185 85
187,186 166
188,186 57
189,188 194
190,188 81
191,187 121
192,199 74
192,193 139
192,200 95
193,192 98
193,197 115
193,202 52
194,192 72
194,202 126
195,194 196
196,195 146
197,195 93
197,192 142
198,193 50
198,197 179
199,194 154
200,194 93
200,202 144
200,192 53
201,199 182
202,196 95
203,204 145
204,205 128
205,206 172
206,207 74
207,208 153
208,209 68
209,210 136
210,211 123
213,212 154
214,212 91
215,212 121
217,216 169
217,222 82
218,217 127
219,217 169
220,218 78
221,217 159
221,220 80
222,219 137
223,222 186
224,218 195
225,221 152
226,225 104
latency
0,1 4
1,2 4
4,3 2
4,15 2
4,8 3
5,3 4
5,10 4
6,4 4
7,3 4
7,12 4
8,7 3
9,7 3
9,10 2
10,6 2
11,10 2
12,10 4
12,13 4
13,9 2
14,12 4
15,9 4
15,7 4
16,3 3
17,5 3
17,4 3
17,7 4
19,18 3
20,18 4
21,19 2
22,18 4
23,19 3
24,23 4
25,19 3
26,23 4
28,27 3
29,27 4
30,43 3
31,30 2
32,31 3
33,31 4
33,39 4
34,30 4
34,37 2
35,33 3
36,32 3
37,35 4
37,32 3
38,34 4
38,32 4
39,36 4
40,30 3
41,38 3
42,40 4
43,38 4
45,44 4
46,44 2
47,45 4
48,44 2
49,45 4
50,45 4
51,48 4
52,50 2
53,54 4
54,55 4
55,56 3
56,57 2
57,58 3
58,59 4
59,60 4
60,61 3
61,62 4
63,67 4
64,63 2
65,63 2
66,65 3
67,66 4
68,63 3
69,66 3
69,70 4
70,65 2
70,66 3
70,68 4
71,72 4
72,73 3
73,74 3
74,75 4
75,76 4
76,77 2
77,78 2
78,79 3
81,80 4
82,80 4
83,80 4
84,85 4
85,86 4
86,87 2
87,88 4
88,89 3
89,90 3
90,91 4
91,92 3
94,93 4
95,93 4
96,93 4
97,95 3
98,97 3
99,98 4
100,97 3
101,99 3
102,93 4
103,99 4
104,97 4
105,104 2
106,103 2
107,103 2
109,108 2
109,111 4
110,108 4
111,108 3
111,112 3
112,111 4
113,111 4
114,115 3
115,116 3
116,117 2
117,118 3
119,120 4
120,121 4
123,122 4
124,122 2
125,124 2
126,125 4
127,125 4
128,124 4
129,124 3
130,127 4
131,130 4
132,127 4
133,132 4
134,130 3
135,139 4
136,135 3
137,136 2
137,138 3
138,137 4
139,137 3
139,138 4
139,135 4
141,140 3
142,140 4
143,142 3
144,142 3
145,142 4
146,141 4
147,146 4
148,145 2
149,146 3
150,141 3
151,144 3
152,142 3
153,156 4
153,155 2
154,153 3
155,153 3
156,153 3
157,160 3
158,157 4
158,159 4
159,158 4
160,157 3
161,159 4
161,157 2
162,158 2
164,163 2
164,170 4
165,163 2
165,164 3
166,163 3
166,167 4
166,170 4
167,163 2
168,163 4
168,164 3
169,168 2
169,165 3
170,165 4
172,171 4
173,171 4
174,171 3
175,171 4
176,175 2
177,172 3
178,180 2
179,178 3
179,183 2
180,178 2
180,184 4
180,183 3
181,179 4
181,183 4
182,178 4
183,182 3
184,181 3
186,185 4
187,186 3
188,186 3
189,188 4
190,188 3
191,187 3
192,199 2
192,193 3
192,200 4
193,192 3
193,197 4
193,202 3
194,192 3
194,202 4
195,194 3
196,195 2
197,195 3
197,192 4
198,193 3
198,197 4
199,194 3
200,194 2
200,202 3
200,192 3
201,199 4
202,196 4
203,204 4
204,205 4
205,206 2
206,207 4
207,208 3
208,209 3
209,210 4
210,211 3
213,212 4
214,212 3
215,212 3
217,216 3
217,222 3
218,217 3
219,217 4
220,218 3
221,217 4
221,220 3
222,219 3
223,222 4
224,218 2
225,221 3
226,225 4
