core
815 665 161 104 247 197 234 757 61 66 103 20 785 173 152 168 131 225 520 200 96 19 45 12 117 400 554 217 51 98 27 151 26 6 199 167 149 458 692 183 40 82 447 36 209 54 63 72 100 99 203 120 183 205 696 731 572 144 37 80 491 93 97 85 215 39 899 50 70 123 424 200 87 195 209 17 107 36 490 890 37 131 130 173 61 739 161 118 231 787 88 147 42 547 14 193 61 148 231 761 105 24 13 59 28 171 197 151 94 92 169 242 99 546 692 564 424 200 87 195 209 17 107 36 490 890 37 131 130 173 61 627 155 86 182 656 124 36 181 53 568 182 185 195 483 36 244 47 160 68 841 243 188 198 670 168 201 517 200 229 208 61 41 859 158 16 155 439 213 153 165 5 47 647 111 64 84 141 536 207 62 147 411 186 85 95 67 81 200 376 19 29 855 189 62 102 111 676 224 250 42 43 657 99 150 226 550 231 198 68 56 12 214 74 178 588 103 435 747 96 207 31 56 135 841 113 385 117 48 67 234 117 132 7 742 248 239 21 490 38 213 191 662 13 233 128 874 193 358 121 36 16 212 145 212 164 20 645 128 485 98 224 227 18 86 56 55 220 395 662 168 15 52 146 148 182 43 524 166
has_camera
0 0 0 1 1 0 1 0 0 0 1 0 0 0 0 0 0 1 0 0 1 0 1 1 1 0 0 1 0 1 1 1 1 1 1 1 0 0 0 1 1 0 0 1 0 1 1 0 1 0 1 0 1 1 0 0 0 0 0 0 0 1 1 0 1 0 0 1 1 1 0 0 0 1 0 0 0 0 0 0 0 0 0 0 0 0 0 1 0 0 1 0 0 0 1 0 0 0 1 0 1 1 1 0 1 0 0 0 1 1 1 0 0 0 0 0 0 0 0 1 0 0 0 0 0 0 0 0 0 0 0 0 0 1 0 0 0 0 0 1 0 0 0 0 0 1 0 0 0 0 0 1 1 0 0 0 1 0 0 0 0 1 0 0 0 1 0 0 1 1 0 1 0 0 0 1 0 0 0 0 1 1 0 0 1 1 1 1 0 0 1 0 0 1 1 0 0 0 0 0 0 1 0 1 0 1 0 1 0 0 0 1 1 1 0 0 1 0 0 0 1 0 0 1 0 0 0 0 0 1 0 0 1 0 0 0 1 0 0 1 1 0 0 0 0 0 0 0 0 0 0 1 0 0 1 0 0 0 0 0 0 0 0 0 1 0 0 0 0 0 0 0 0 1 1 0 1 0 1
has_gpu
0 0 1 1 0 1 1 0 0 0 1 0 0 1 0 0 1 1 0 0 1 1 1 0 0 0 0 1 0 1 1 0 0 0 1 0 1 0 0 0 1 1 0 0 1 0 0 0 0 0 1 1 1 0 0 0 0 0 0 0 0 0 1 1 0 1 0 0 0 0 0 1 0 0 0 0 1 0 0 0 0 1 0 1 1 0 0 1 0 0 0 1 0 0 0 1 1 1 0 0 0 0 0 1 1 1 0 0 0 1 0 1 1 0 0 0 0 1 0 0 0 0 1 0 0 0 0 1 0 1 1 0 1 1 1 0 0 1 1 0 0 1 0 0 0 1 0 1 1 1 0 0 0 1 0 0 0 0 0 1 0 0 1 0 0 0 1 0 1 1 1 0 1 0 1 0 0 0 0 1 0 0 0 1 0 0 0 0 0 0 1 0 0 1 1 0 0 0 0 0 1 0 0 1 0 1 0 0 1 0 1 1 0 1 0 0 0 0 0 0 0 1 1 1 0 0 0 1 0 0 0 1 0 0 0 1 1 0 0 1 1 0 0 0 1 0 0 1 0 0 0 1 0 1 0 0 0 0 0 0 1 0 1 1 1 0 0 1 0 0 0 0 0 1 0 0 1 0 1
bandwidth
1,0 176
2,1 92
3,1 185
4,2 162
5,2 134
6,3 65
7,1 113
8,6 151
9,4 176
10,5 78
11,9 183
13,12 83
13,22 180
14,12 128
14,15 175
15,12 153
15,25 165
16,15 131
17,16 158
18,12 143
19,13 139
20,16 190
21,20 109
21,17 177
21,24 78
22,21 151
23,17 188
23,14 104
23,20 155
24,19 96
24,17 88
25,12 56
26,29 107
27,26 58
27,28 107
28,27 74
29,26 195
30,28 197
30,26 135
31,27 59
32,33 120
33,34 184
34,35 52
35,36 134
36,37 61
39,38 169
40,39 132
41,38 113
42,38 141
43,42 86
44,39 106
45,46 159
46,47 138
47,48 187
48,49 156
49,50 156
50,51 70
51,52 194
52,53 181
53,54 112
54,55 82
56,58 187
57,56 105
58,57 164
59,56 68
59,58 166
61,60 63
62,60 166
63,62 112
64,62 55
65,64 130
66,60 122
67,63 149
68,65 101
69,64 95
71,70 75
71,74 123
72,70 197
73,71 185
74,73 60
75,74 77
76,73 127
77,74 79
77,80 105
77,72 192
78,70 103
79,70 104
80,75 75
80,84 105
81,79 81
82,79 191
82,78 169
83,71 67
83,75 192
84,76 83
86,85 140
87,86 79
88,87 65
89,85 188
90,87 121
91,89 186
92,88 199
93,85 82
94,88 117
95,86 148
96,92 50
97,89 55
98,95 132
99,101 67
100,99 50
100,101 66
101,100 198
102,103 137
103,104 170
104,105 157
105,106 83
106,107 150
107,108 125
108,109 173
109,110 62
110,111 169
111,112 162
112,113 107
113,114 62
114,115 83
117,116 75
117,120 123
118,116 197
119,117 185
120,119 60
121,120 77
122,119 127
123,120 79
123,126 105
123,118 192
124,116 103
125,116 104
126,121 75
126,130 105
127,125 81
128,125 191
128,124 169
129,117 67
129,121 192
130,122 83
132,131 82
133,131 140
134,132 103
135,131 103
136,132 189
137,136 119
138,132 199
139,136 120
140,153 77
141,140 88
142,141 124
143,141 137
143,149 125
144,140 50
144,147 178
145,143 197
146,142 144
147,145 134
147,142 123
148,144 174
148,142 67
149,146 70
150,140 196
151,148 125
152,150 68
153,148 141
155,154 57
156,154 109
157,154 186
157,163 140
158,157 108
159,157 77
159,154 185
160,155 155
161,160 89
162,159 129
163,154 151
163,164 150
164,155 83
165,160 109
166,163 192
168,167 124
169,168 181
170,167 97
171,169 95
172,171 159
174,173 113
175,174 198
176,173 192
177,174 68
178,173 192
179,176 149
180,175 184
181,174 101
183,182 113
184,183 110
185,182 63
186,184 66
187,185 87
188,182 82
189,182 141
190,186 115
191,190 181
192,182 143
193,188 103
194,186 152
195,184 98
196,184 97
198,197 142
199,197 187
200,199 144
201,199 116
203,202 194
203,214 50
203,207 131
204,202 176
204,209 111
205,203 153
206,202 105
206,211 88
207,206 162
208,206 116
208,209 187
209,205 130
210,209 174
211,209 61
211,212 117
212,208 121
213,211 100
214,208 139
214,206 193
215,202 53
216,204 122
216,203 82
216,206 168
218,217 101
219,218 126
219,223 165
220,218 121
220,217 133
221,220 123
222,219 126
222,221 51
223,218 108
225,224 128
225,232 179
225,227 179
226,224 108
226,227 132
227,226 181
228,227 162
229,228 50
230,226 195
230,233 131
231,227 152
231,229 121
231,226 160
232,227 79
232,225 119
232,231 109
233,232 95
233,226 160
234,236 195
235,234 135
236,234 159
237,235 58
238,234 112
238,240 129
238,235 83
239,238 181
240,236 190
241,235 153
243,242 197
244,242 172
244,245 135
245,242 60
246,253 74
246,247 139
246,254 95
247,246 98
247,251 115
247,256 52
248,246 72
248,256 126
249,248 196
250,249 146
251,249 93
251,246 142
252,247 50
252,251 179
253,248 154
254,248 93
254,256 144
254,246 53
255,253 182
256,250 95
258,257 197
259,257 94
260,258 140
261,259 75
262,260 101
263,262 125
264,260 200
265,263 82
266,265 139
267,262 171
268,257 79
269,276 163
270,269 54
270,271 178
271,270 187
272,271 161
272,276 173
273,269 96
273,270 119
274,269 145
274,270 145
275,274 181
275,271 200
276,271 157
276,269 160
277,269 180
278,270 77
278,274 105
latency
1,0 4
2,1 4
3,1 3
4,2 2
5,2 4
6,3 4
7,1 3
8,6 4
9,4 4
10,5 3
11,9 3
13,12 3
13,22 4
14,12 4
14,15 3
15,12 4
15,25 4
16,15 3
17,16 4
18,12 4
19,13 3
20,16 3
21,20 4
21,17 4
21,24 3
22,21 4
23,17 2
23,14 4
23,20 4
24,19 4
24,17 4
25,12 3
26,29 3
27,26 4
27,28 3
28,27 3
29,26 3
30,28 3
30,26 4
31,27 4
32,33 2
33,34 3
34,35 3
35,36 4
36,37 4
39,38 3
40,39 3
41,38 2
42,38 3
43,42 3
44,39 3
45,46 3
46,47 4
47,48 4
48,49 4
49,50 3
50,51 3
51,52 4
52,53 3
53,54 3
54,55 3
56,58 4
57,56 3
58,57 2
59,56 4
59,58 3
61,60 3
62,60 4
63,62 3
64,62 4
65,64 3
66,60 3
67,63 4
68,65 3
69,64 4
71,70 3
71,74 4
72,70 4
73,71 3
74,73 2
75,74 3
76,73 2
77,74 4
77,80 3
77,72 3
78,70 2
79,70 3
80,75 4
80,84 3
81,79 2
82,79 4
82,78 4
83,71 4
83,75 4
84,76 3
86,85 4
87,86 4
88,87 3
89,85 4
90,87 2
91,89 4
92,88 4
93,85 3
94,88 4
95,86 4
96,92 4
97,89 4
98,95 4
99,101 3
100,99 3
100,101 3
101,100 4
102,103 2
103,104 3
104,105 4
105,106 3
106,107 3
107,108 4
108,109 3
109,110 2
110,111 4
111,112 4
112,113 4
113,114 4
114,115 4
117,116 3
117,120 4
118,116 4
119,117 3
120,119 2
121,120 3
122,119 2
123,120 4
123,126 3
123,118 3
124,116 2
125,116 3
126,121 4
126,130 3
127,125 2
128,125 4
128,124 4
129,117 4
129,121 4
130,122 3
132,131 4
133,131 4
134,132 3
135,131 4
136,132 2
137,136 2
138,132 3
139,136 3
140,153 3
141,140 4
142,141 3
143,141 4
143,149 3
144,140 2
144,147 4
145,143 3
146,142 4
147,145 4
147,142 4
148,144 3
148,142 4
149,146 3
150,140 3
151,148 3
152,150 3
153,148 3
155,154 2
156,154 4
157,154 3
157,163 4
158,157 3
159,157 4
159,154 4
160,155 4
161,160 3
162,159 4
163,154 3
163,164 4
164,155 4
165,160 3
166,163 3
168,167 3
169,168 3
170,167 4
171,169 4
172,171 3
174,173 3
175,174 3
176,173 4
177,174 4
178,173 3
179,176 3
180,175 3
181,174 2
183,182 4
184,183 3
185,182 2
186,184 4
187,185 4
188,182 4
189,182 4
190,186 3
191,190 3
192,182 3
193,188 2
194,186 3
195,184 3
196,184 4
198,197 4
199,197 3
200,199 3
201,199 3
203,202 3
203,214 3
203,207 2
204,202 3
204,209 4
205,203 3
206,202 4
206,211 4
207,206 3
208,206 2
208,209 3
209,205 4
210,209 4
211,209 2
211,212 3
212,208 2
213,211 3
214,208 2
214,206 4
215,202 4
216,204 4
216,203 4
216,206 3
218,217 3
219,218 4
219,223 2
220,218 2
220,217 3
221,220 3
222,219 4
222,221 4
223,218 3
225,224 4
225,232 3
225,227 4
226,224 3
226,227 4
227,226 2
228,227 3
229,228 4
230,226 3
230,233 4
231,227 3
231,229 2
231,226 3
232,227 2
232,225 2
232,231 4
233,232 4
233,226 4
234,236 3
235,234 4
236,234 2
237,235 4
238,234 4
238,240 2
238,235 2
239,238 4
240,236 3
241,235 3
243,242 3
244,242 3
244,245 4
245,242 3
246,253 2
246,247 3
246,254 4
247,246 3
247,251 4
247,256 3
248,246 3
248,256 4
249,248 3
250,249 2
251,249 3
251,246 4
252,247 3
252,251 4
253,248 3
254,248 2
254,256 3
254,246 3
255,253 4
256,250 4
258,257 4
259,257 4
260,258 4
261,259 4
262,260 4
263,262 2
264,260 3
265,263 4
266,265 3
267,262 4
268,257 3
269,276 4
270,269 2
270,271 3
271,270 3
272,271 2
272,276 4
273,269 4
273,270 4
274,269 2
274,270 3
275,274 4
275,271 3
276,271 4
276,269 4
277,269 3
278,270 3
278,274 4
