core
861 230 30 117 777 36 75 238 168 493 187 144 462 222 176 161 34 67 412 250 52 156 353 440 655 152 101 243 247 60 64 64 233 243 824 113 120 14 55 212 231 102 30 353 786 123 111 54 14 151 160 130 14 508 602 64 101 747 193 164 156 131 408 42 116 119 45 57 792 67 223 747 193 164 156 131 408 42 116 119 45 57 807 100 97 84 59 208 33 229 221 120 515 756 193 38 880 198 85 178 208 20 883 58 874 193 358 121 36 16 212 145 212 164 20 41 48 34 165 146 248 224 168 194 109 720 678 672 360 106 226 23 369 162 33 801 107 140 30 8 844 24 53 171 165 662 246 32 104 542 119 244 421 60 244 128 107 365 25 151 99 54 81 24 425 139 101 233 40 169 116 575 32 41 525 64 158 82 182 350 139 233 24 167 52 662 150 184 33 682 191 132 186 229 26 609 63 7 147 414 172 207 522 212 171 126 32 72 67 33 73 8 246 87 177 202 235 102 798 694 578
has_camera
0 1 0 1 0 1 0 0 0 0 0 1 0 1 0 1 1 0 0 0 0 0 0 0 0 0 0 0 0 0 1 0 0 1 0 0 0 1 1 0 0 1 0 0 0 1 0 1 0 0 1 1 1 0 0 1 0 0 1 0 0 0 0 1 0 0 0 1 0 1 0 0 1 0 0 0 0 1 0 0 0 1 0 0 1 1 0 0 1 0 1 1 0 0 1 0 0 0 0 1 1 0 0 0 0 0 0 0 0 1 0 0 1 0 0 0 0 1 1 0 0 0 0 1 0 0 0 0 0 1 1 0 0 0 0 0 0 0 1 0 0 1 1 0 0 0 0 1 1 0 1 0 0 0 1 1 1 0 0 0 1 1 1 0 0 0 1 1 1 0 1 0 1 0 0 1 0 1 0 0 0 0 1 1 0 0 0 0 1 0 0 0 1 1 1 0 0 0 0 0 0 1 0 0 0 0 0 0 0 1 1 0 0 0 0 0 0 0 0 0 0
has_gpu
0 1 0 0 0 0 1 0 1 0 1 1 0 1 0 1 0 0 0 0 1 0 0 0 0 1 1 0 1 1 0 0 1 1 0 1 1 0 0 1 1 0 0 0 0 1 1 0 0 0 1 1 0 0 0 1 0 0 1 1 0 0 0 0 1 0 0 0 0 0 1 0 1 1 0 0 0 0 1 0 0 0 0 0 0 0 0 0 0 1 1 1 0 0 0 0 0 1 1 0 0 1 0 1 0 1 0 0 0 1 0 1 0 0 0 0 0 1 0 1 1 1 1 1 1 0 0 0 0 0 0 0 0 1 1 0 0 0 1 1 0 0 0 1 0 0 0 1 1 0 0 0 0 0 1 0 0 0 0 1 0 0 1 0 0 0 0 0 1 0 0 0 0 1 0 0 1 1 0 0 0 0 0 1 0 0 1 0 0 0 1 1 0 1 0 0 0 0 0 0 0 0 0 1 0 0 0 0 0 1 1 0 1 0 0 0 1 0 0 0 0
bandwidth
0,2 144
1,0 72
2,1 138
3,0 169
3,2 84
5,4 129
6,4 109
7,4 69
8,4 113
10,9 163
11,9 180
12,9 106
12,18 55
13,12 193
14,12 64
14,9 77
15,10 141
16,15 58
17,14 60
18,9 96
18,19 161
19,10 134
20,15 76
21,18 134
23,22 164
24,22 140
25,24 190
26,23 134
27,24 82
28,23 136
28,25 197
29,28 147
29,22 98
30,25 84
31,29 192
31,32 77
31,22 108
32,27 67
32,31 83
32,25 90
33,27 156
35,34 166
36,34 72
37,35 187
38,37 144
39,34 109
40,39 121
41,36 197
42,41 177
43,34 61
45,44 78
46,44 104
47,45 89
48,47 200
49,44 136
50,49 145
51,46 79
52,51 117
53,44 70
54,55 159
55,54 86
56,54 62
56,55 189
58,57 131
59,58 111
59,62 117
59,65 84
60,58 177
60,66 88
61,57 115
61,58 97
62,57 93
63,60 58
64,61 95
65,61 132
66,63 148
67,60 126
68,70 108
68,69 71
69,68 196
70,68 72
72,71 131
73,72 111
73,76 117
73,79 84
74,72 177
74,80 88
75,71 115
75,72 97
76,71 93
77,74 58
78,75 95
79,75 132
80,77 148
81,74 126
83,82 125
84,82 106
85,82 62
86,83 149
87,82 107
88,87 150
88,95 93
89,83 180
90,87 97
91,85 123
92,82 94
93,82 146
94,93 146
94,92 102
95,88 83
97,96 126
98,96 52
99,96 80
100,99 108
101,100 55
102,96 173
103,100 147
104,111 74
104,105 139
104,112 95
105,104 98
105,109 115
105,114 52
106,104 72
106,114 126
107,106 196
108,107 146
109,107 93
109,104 142
110,105 50
110,109 179
111,106 154
112,106 93
112,114 144
112,104 53
113,111 182
114,108 95
115,116 113
116,117 73
117,118 87
118,119 125
119,120 96
120,121 95
121,122 60
122,123 151
123,124 61
124,125 178
125,126 196
126,127 193
128,130 146
129,128 116
129,133 172
130,128 171
130,134 142
130,133 73
131,129 105
131,133 167
132,128 135
133,132 87
134,131 86
135,139 182
136,135 96
137,136 132
137,138 80
138,137 88
139,137 195
139,138 54
139,135 79
141,140 89
141,142 96
142,141 98
143,140 78
144,140 113
145,147 145
146,145 172
147,146 120
148,145 134
148,147 183
150,149 96
151,149 78
152,149 121
153,151 109
154,152 97
155,152 198
156,150 151
157,149 160
158,154 179
159,157 171
160,152 83
161,159 78
162,151 69
163,159 112
164,165 99
165,164 64
166,164 176
166,174 167
167,165 50
168,167 152
168,166 101
169,165 79
170,164 93
170,176 101
171,164 183
172,167 169
173,168 175
174,164 127
174,166 72
175,167 190
175,166 52
176,167 82
176,169 132
176,170 101
177,167 68
178,165 75
178,170 139
180,179 91
181,179 68
182,181 173
183,179 86
184,182 187
185,179 118
186,181 97
187,180 60
188,182 59
190,189 65
191,189 64
192,191 130
193,191 160
194,193 58
195,189 104
196,192 81
197,194 177
198,193 108
200,199 143
201,200 64
202,199 179
203,200 89
204,202 149
205,200 140
206,205 141
207,201 84
208,203 78
209,210 172
210,211 130
211,212 193
212,213 110
213,214 140
214,215 141
215,216 187
216,217 53
217,218 180
218,219 102
219,220 133
latency
0,2 3
1,0 3
2,1 4
3,0 3
3,2 4
5,4 4
6,4 3
7,4 4
8,4 4
10,9 2
11,9 3
12,9 3
12,18 4
13,12 3
14,12 3
14,9 4
15,10 3
16,15 3
17,14 4
18,9 3
18,19 3
19,10 4
20,15 3
21,18 2
23,22 3
24,22 3
25,24 4
26,23 3
27,24 3
28,23 4
28,25 3
29,28 2
29,22 3
30,25 4
31,29 3
31,32 3
31,22 3
32,27 4
32,31 3
32,25 3
33,27 4
35,34 2
36,34 4
37,35 3
38,37 3
39,34 3
40,39 3
41,36 3
42,41 3
43,34 4
45,44 2
46,44 4
47,45 3
48,47 2
49,44 3
50,49 3
51,46 4
52,51 4
53,44 3
54,55 4
55,54 3
56,54 4
56,55 4
58,57 3
59,58 2
59,62 4
59,65 2
60,58 4
60,66 2
61,57 2
61,58 3
62,57 2
63,60 4
64,61 3
65,61 2
66,63 2
67,60 4
68,70 3
68,69 4
69,68 3
70,68 3
72,71 3
73,72 2
73,76 4
73,79 2
74,72 4
74,80 2
75,71 2
75,72 3
76,71 2
77,74 4
78,75 3
79,75 2
80,77 2
81,74 4
83,82 4
84,82 4
85,82 2
86,83 4
87,82 4
88,87 3
88,95 4
89,83 3
90,87 2
91,85 3
92,82 4
93,82 4
94,93 4
94,92 4
95,88 3
97,96 3
98,96 4
99,96 2
100,99 3
101,100 4
102,96 4
103,100 3
104,111 2
104,105 3
104,112 4
105,104 3
105,109 4
105,114 3
106,104 3
106,114 4
107,106 3
108,107 2
109,107 3
109,104 4
110,105 3
110,109 4
111,106 3
112,106 2
112,114 3
112,104 3
113,111 4
114,108 4
115,116 2
116,117 3
117,118 4
118,119 4
119,120 4
120,121 3
121,122 4
122,123 4
123,124 4
124,125 4
125,126 3
126,127 4
128,130 2
129,128 3
129,133 2
130,128 2
130,134 4
130,133 3
131,129 4
131,133 4
132,128 4
133,132 3
134,131 3
135,139 4
136,135 3
137,136 2
137,138 2
138,137 4
139,137 4
139,138 3
139,135 4
141,140 3
141,142 4
142,141 2
143,140 4
144,140 3
145,147 3
146,145 4
147,146 4
148,145 4
148,147 3
150,149 4
151,149 3
152,149 4
153,151 2
154,152 4
155,152 4
156,150 4
157,149 4
158,154 4
159,157 4
160,152 2
161,159 2
162,151 4
163,159 3
164,165 4
165,164 3
166,164 3
166,174 4
167,165 4
168,167 3
168,166 4
169,165 4
170,164 4
170,176 2
171,164 4
172,167 3
173,168 3
174,164 3
174,166 4
175,167 4
175,166 2
176,167 4
176,169 3
176,170 2
177,167 3
178,165 3
178,170 3
180,179 3
181,179 3
182,181 2
183,179 3
184,182 3
185,179 4
186,181 4
187,180 4
188,182 3
190,189 3
191,189 2
192,191 4
193,191 3
194,193 3
195,189 3
196,192 3
197,194 4
198,193 4
200,199 3
201,200 3
202,199 4
203,200 3
204,202 3
205,200 3
206,205 3
207,201 4
208,203 4
209,210 3
210,211 3
211,212 3
212,213 4
213,214 4
214,215 4
215,216 4
216,217 2
217,218 3
218,219 2
219,220 2
