core
805 192 176 101 481 188 123 25 34 36 239 40 163 506 204 480 151 88 135 510 108 74 234 108 35 38 631 155 185 39 47 394 91 81 64 576 227 70 730 239 180 42 125 89 40 213 67 217 447 14 44 64 10 140 114 158 119 94 98 98 83 653 414 620 672 483 135 192 40 72 228 801 107 140 30 8 30 45 190 194 149 116 822 445 764 214 228 578 154 232 144 69 63 717 210 68 212 396 661 171 199 6 416 246 104 200 66 66 148 659 224 50 234 111 100 793 199 13 31 31 6 6 211 138 140 155 97 138 231 212 475 806 844 671 191 83 233 53 208 249 147 192 357 664 25 71 236 567 174 90 189 72 447 35 184 673 561 121 58 91 25 250 190 31 31 6 6 211 138 140 155 97 138 231 212 475 806 844 696 107 12 50 147 171 172 62 407 85 851 90 134 211 180 56 134 9 686 451 49 245 237 120 71 881 203 150 33 822 242 189 188 49 686 216 188 157 21 770 192 26 381 642 218 188 9 566 141 180 82 41 19 180 786 123 111 54 14 151 160 130 14 508 703 228 99 183 62 239 119 422 21 47 442 66 149 153 81 35 59 24 128 92 185 196 133 109 167 479 353 812 59 40 147 88 876
has_camera
0 0 1 1 0 0 1 1 0 0 0 1 1 0 0 0 1 1 1 0 1 0 0 0 1 0 0 1 0 1 0 0 1 1 1 0 0 0 0 0 1 0 1 1 0 1 0 1 0 1 1 1 1 1 1 0 0 1 1 1 0 0 0 0 0 0 0 0 0 1 0 0 0 0 1 0 1 0 0 0 0 0 0 0 0 1 0 0 0 0 0 0 1 0 1 0 0 0 0 0 0 1 0 0 0 1 0 1 0 0 0 0 0 0 0 0 1 0 1 1 1 1 0 0 0 0 0 1 1 0 0 0 0 0 0 1 1 1 1 1 0 0 0 0 1 1 0 0 0 0 1 1 0 0 0 0 0 0 0 0 1 0 1 1 1 1 1 0 0 0 0 0 1 1 0 0 0 0 0 0 1 0 0 1 1 1 0 1 0 1 1 0 0 1 0 0 0 0 1 0 1 0 0 0 0 0 0 0 0 0 1 1 0 0 0 0 0 0 1 0 0 0 0 0 0 0 1 1 0 1 1 0 0 1 0 1 0 0 1 1 1 0 0 1 1 0 1 0 0 0 1 0 0 1 1 0 1 1 1 1 0 0 1 1 0 0 0 0 0 0 1 0 0 0 0
has_gpu
0 0 0 1 0 1 0 0 1 0 0 1 0 0 1 0 0 0 0 0 1 0 1 0 0 1 0 1 0 0 1 0 1 1 0 0 1 0 0 1 1 1 0 1 0 0 1 1 0 0 0 1 1 0 0 0 1 0 1 1 1 0 0 0 0 0 0 1 0 0 0 0 0 0 1 1 1 0 0 1 1 1 0 0 0 0 0 0 0 0 0 0 0 0 1 0 1 0 0 0 0 1 0 0 1 1 0 0 0 0 1 0 0 0 1 0 0 0 0 0 0 0 1 0 0 0 0 1 1 0 0 0 0 0 0 1 0 1 1 0 1 0 0 0 0 0 1 0 0 0 0 0 0 1 0 0 0 0 0 1 0 1 0 0 0 0 0 1 0 0 0 0 1 1 0 0 0 0 0 0 1 1 1 1 0 1 0 1 0 1 1 1 0 0 1 0 0 0 0 1 1 1 1 0 1 1 0 0 1 1 0 0 0 1 1 0 1 0 0 1 0 0 0 1 0 0 1 1 0 0 1 1 0 1 1 0 0 0 1 1 0 0 0 0 0 1 0 1 0 0 1 0 0 1 1 1 0 0 1 0 0 1 0 1 1 0 0 0 0 0 0 1 1 0 0
bandwidth
1,0 176
1,12 111
1,5 140
2,0 141
2,7 81
3,1 63
4,0 60
4,9 102
5,4 189
6,4 74
6,7 152
7,3 73
8,7 147
9,7 146
9,10 198
10,6 90
11,9 62
12,6 53
12,4 118
13,0 172
14,2 192
14,1 181
14,4 144
16,15 110
17,16 79
18,15 66
19,15 149
20,19 70
21,20 89
22,19 59
23,18 157
24,22 115
25,22 163
27,26 115
28,26 97
29,28 113
30,28 147
31,33 94
32,31 192
32,36 74
33,31 129
33,37 146
33,36 67
34,32 117
34,36 168
35,31 173
36,35 180
37,34 123
39,38 66
40,38 100
41,40 128
42,38 50
43,38 58
44,43 71
45,38 136
46,41 181
47,42 181
48,38 57
49,50 187
50,51 149
51,52 183
52,53 60
53,54 99
54,55 108
55,56 137
56,57 95
57,58 180
58,59 71
59,60 61
60,61 151
61,62 69
62,63 163
65,64 63
66,65 186
66,70 151
67,65 170
67,64 89
68,67 106
69,66 143
69,68 175
70,65 149
71,75 182
72,71 96
73,72 132
73,74 80
74,73 88
75,73 195
75,74 54
75,71 79
76,77 73
77,78 163
78,79 173
79,80 197
80,81 190
81,82 129
82,83 82
85,84 115
86,84 64
87,84 178
87,93 91
88,87 200
89,87 152
89,84 152
90,85 167
91,90 63
92,89 149
93,84 158
93,94 136
94,85 193
95,90 192
96,93 97
98,97 176
99,98 52
100,98 50
101,99 172
102,98 57
103,99 159
104,100 74
105,99 55
106,103 145
107,105 142
108,99 93
110,109 180
110,117 122
110,114 183
111,110 91
112,109 174
112,117 69
113,112 102
113,117 60
114,109 166
115,109 155
116,115 163
117,116 118
117,110 175
117,109 66
118,119 118
119,120 163
120,121 68
121,122 135
122,123 185
123,124 121
124,125 54
125,126 74
126,127 144
127,128 66
128,129 99
129,130 184
130,131 198
131,132 55
134,133 52
135,134 148
136,133 94
137,135 65
138,135 112
139,133 196
140,136 109
141,133 70
142,133 151
143,133 81
144,138 136
145,137 100
146,141 194
147,151 174
148,147 162
149,147 59
150,149 71
151,150 103
152,147 62
153,150 184
153,154 101
154,149 94
154,150 189
154,152 178
156,155 143
156,159 164
156,158 135
157,156 180
158,157 146
158,156 152
159,157 79
160,158 189
160,162 179
160,157 85
161,156 198
161,162 53
162,157 195
162,160 185
163,164 118
164,165 163
165,166 68
166,167 135
167,168 185
168,169 121
169,170 54
170,171 74
171,172 144
172,173 66
173,174 99
174,175 184
175,176 198
176,177 55
178,185 198
179,178 143
179,180 122
180,179 89
181,180 100
181,185 192
182,178 186
182,179 157
183,178 176
183,179 79
184,183 95
184,180 142
185,180 156
185,178 188
186,178 112
187,179 92
187,183 134
189,188 91
189,192 161
190,188 109
191,189 186
192,191 147
193,192 156
194,191 83
195,192 52
195,198 189
195,190 177
196,188 158
197,188 83
198,193 167
198,202 74
199,197 153
200,197 81
200,196 92
201,189 192
201,193 90
202,194 59
204,203 189
205,203 159
206,204 60
207,203 191
208,204 50
209,204 157
210,207 93
211,209 148
213,212 121
214,212 68
215,214 93
216,215 199
217,212 124
218,217 175
219,215 165
221,220 197
222,221 73
223,221 139
224,222 111
225,221 133
226,222 194
227,223 176
228,222 57
229,226 76
230,228 118
231,222 130
233,232 78
234,232 104
235,233 89
236,235 200
237,232 136
238,237 145
239,234 79
240,239 117
241,232 70
242,243 138
243,242 65
244,242 183
244,252 80
245,243 163
246,245 119
246,244 168
247,243 189
248,242 72
248,254 187
249,242 178
250,245 189
251,246 120
252,242 75
252,244 168
253,245 160
253,244 71
254,245 146
254,247 189
254,248 172
255,245 195
256,243 163
256,248 94
257,258 93
258,259 72
259,260 100
260,261 133
261,262 175
262,263 184
263,264 112
264,265 117
265,266 127
266,267 141
267,268 171
268,269 56
270,271 144
271,272 125
272,273 65
273,274 52
latency
1,0 4
1,12 4
1,5 4
2,0 4
2,7 4
3,1 4
4,0 4
4,9 3
5,4 3
6,4 3
6,7 4
7,3 3
8,7 3
9,7 4
9,10 4
10,6 4
11,9 4
12,6 4
12,4 2
13,0 4
14,2 3
14,1 3
14,4 3
16,15 4
17,16 2
18,15 4
19,15 2
20,19 3
21,20 3
22,19 3
23,18 4
24,22 2
25,22 4
27,26 3
28,26 4
29,28 3
30,28 4
31,33 2
32,31 4
32,36 3
33,31 3
33,37 3
33,36 3
34,32 3
34,36 2
35,31 4
36,35 3
37,34 4
39,38 4
40,38 3
41,40 4
42,38 2
43,38 3
44,43 3
45,38 3
46,41 3
47,42 4
48,38 2
49,50 2
50,51 3
51,52 4
52,53 3
53,54 4
54,55 3
55,56 2
56,57 3
57,58 4
58,59 2
59,60 3
60,61 4
61,62 3
62,63 4
65,64 3
66,65 2
66,70 3
67,65 3
67,64 3
68,67 4
69,66 3
69,68 3
70,65 4
71,75 4
72,71 3
73,72 2
73,74 2
74,73 4
75,73 4
75,74 3
75,71 4
76,77 3
77,78 4
78,79 3
79,80 3
80,81 3
81,82 4
82,83 2
85,84 4
86,84 3
87,84 4
87,93 3
88,87 2
89,87 4
89,84 3
90,85 3
91,90 4
92,89 2
93,84 4
93,94 3
94,85 2
95,90 4
96,93 4
98,97 4
99,98 3
100,98 4
101,99 2
102,98 2
103,99 4
104,100 2
105,99 4
106,103 4
107,105 3
108,99 3
110,109 4
110,117 3
110,114 4
111,110 3
112,109 3
112,117 2
113,112 3
113,117 3
114,109 3
115,109 4
116,115 4
117,116 4
117,110 4
117,109 3
118,119 3
119,120 4
120,121 3
121,122 3
122,123 3
123,124 3
124,125 3
125,126 3
126,127 2
127,128 4
128,129 3
129,130 3
130,131 4
131,132 4
134,133 3
135,134 4
136,133 4
137,135 4
138,135 2
139,133 4
140,136 4
141,133 4
142,133 3
143,133 3
144,138 4
145,137 4
146,141 4
147,151 4
148,147 3
149,147 4
150,149 4
151,150 3
152,147 4
153,150 3
153,154 4
154,149 3
154,150 4
154,152 3
156,155 3
156,159 4
156,158 2
157,156 4
158,157 3
158,156 4
159,157 4
160,158 3
160,162 4
160,157 4
161,156 3
161,162 2
162,157 3
162,160 3
163,164 3
164,165 4
165,166 3
166,167 3
167,168 3
168,169 3
169,170 3
170,171 3
171,172 2
172,173 4
173,174 3
174,175 3
175,176 4
176,177 4
178,185 4
179,178 4
179,180 3
180,179 2
181,180 2
181,185 2
182,178 4
182,179 4
183,178 4
183,179 2
184,183 4
184,180 3
185,180 4
185,178 3
186,178 4
187,179 4
187,183 3
189,188 3
189,192 4
190,188 2
191,189 3
192,191 4
193,192 2
194,191 2
195,192 3
195,198 4
195,190 3
196,188 4
197,188 3
198,193 2
198,202 4
199,197 4
200,197 4
200,196 3
201,189 3
201,193 3
202,194 3
204,203 3
205,203 3
206,204 3
207,203 3
208,204 3
209,204 4
210,207 2
211,209 3
213,212 4
214,212 3
215,214 4
216,215 2
217,212 2
218,217 4
219,215 3
221,220 2
222,221 4
223,221 2
224,222 4
225,221 4
226,222 3
227,223 3
228,222 3
229,226 3
230,228 4
231,222 3
233,232 2
234,232 4
235,233 3
236,235 2
237,232 3
238,237 3
239,234 4
240,239 4
241,232 3
242,243 2
243,242 3
244,242 4
244,252 4
245,243 3
246,245 3
246,244 2
247,243 3
248,242 4
248,254 2
249,242 3
250,245 3
251,246 2
252,242 3
252,244 4
253,245 4
253,244 4
254,245 3
254,247 2
254,248 4
255,245 4
256,243 4
256,248 2
257,258 2
258,259 4
259,260 2
260,261 3
261,262 4
262,263 4
263,264 2
264,265 4
265,266 2
266,267 4
267,268 3
268,269 3
270,271 3
271,272 3
272,273 2
273,274 3
