core
806 715 225 161 74 124 112 62 232 145 14 612 184 178 41 112 56 747 193 164 156 131 408 42 116 119 45 57 47 97 485 511 205 34 672 483 135 192 40 72 228 868 146 188 451 74 81 99 153 404 38 215 151 6 206 48 767 233 102 145 72 61 748 210 63 407 111 195 212 40 782 30 170 26 46 25 182 174 239 118 235 216 179 114 482 576 454 715 172 237 36 47 394 91 81 64 576 227 70 439 393 103 180 237 147 9 687 87 22 110 33 110 575 86 84 59 168 56 47 97 485 848 149 162 122 25 45 24 180 203 174 682 16 236 188 556 54 75 51 88 230 206 127 166 104 134 218 580 517 409 461 40 203 244 185 36 436 528 131 238 494 245 164 243 75 75 20 447 100 85 32 90 37
has_camera
0 0 1 0 0 0 0 0 0 0 0 0 0 0 0 0 0 0 1 0 0 0 0 1 0 0 0 1 0 0 0 0 0 0 0 0 0 0 0 1 0 0 0 1 0 1 1 0 1 0 1 0 1 1 1 1 0 0 0 0 1 1 0 0 0 0 0 0 0 1 0 0 0 0 0 0 0 0 0 0 1 0 0 0 0 0 0 0 0 0 0 1 0 1 1 1 0 0 0 0 0 0 0 1 0 0 0 1 1 0 0 0 0 1 1 0 1 1 0 0 0 0 1 0 1 1 1 1 1 1 0 0 1 0 0 0 0 1 1 1 1 0 1 0 0 0 0 0 0 0 0 1 0 1 0 1 0 0 0 0 0 1 0 1 0 1 1 0 0 0 1 0 0
has_gpu
0 0 1 0 1 1 0 0 0 0 1 0 1 0 0 0 0 0 1 1 0 0 0 0 1 0 0 0 0 0 0 0 1 1 0 0 0 1 0 0 0 0 1 0 0 0 0 0 0 0 1 0 1 1 1 0 0 1 1 1 0 0 0 1 0 0 0 1 0 0 0 0 0 1 0 1 1 1 0 0 1 0 1 1 0 0 0 0 1 1 0 0 0 1 1 0 0 1 0 0 0 0 0 1 1 0 0 0 0 1 0 0 0 0 0 0 0 0 0 0 0 0 0 0 0 1 0 0 0 0 0 0 0 0 1 0 0 0 0 0 1 1 0 1 0 0 0 0 0 0 0 0 1 1 1 0 0 0 0 1 0 0 1 0 1 0 0 0 0 1 0 0 0
bandwidth
1,0 145
1,6 157
2,1 51
3,1 70
4,2 93
5,1 110
5,4 196
6,3 192
7,6 72
8,2 59
9,5 108
10,9 86
12,11 168
13,11 126
14,13 147
15,11 148
16,12 90
18,17 131
19,18 111
19,22 117
19,25 84
20,18 177
20,26 88
21,17 115
21,18 97
22,17 93
23,20 58
24,21 95
25,21 132
26,23 148
27,20 126
28,29 63
29,30 88
32,31 71
33,32 131
35,34 63
36,35 186
36,40 151
37,35 170
37,34 89
38,37 106
39,36 143
39,38 175
40,35 149
42,41 83
43,41 156
44,41 71
45,43 142
46,44 103
47,44 95
48,42 134
49,41 191
50,46 163
51,49 179
52,44 154
53,51 70
54,43 131
55,51 92
57,56 151
57,59 164
58,56 67
59,56 126
59,60 145
60,59 133
61,59 157
63,62 124
64,63 52
65,69 196
66,65 67
67,65 119
68,67 150
69,68 164
70,65 162
71,68 160
71,72 129
72,67 103
72,68 195
72,70 181
73,74 164
74,75 54
75,76 110
76,77 77
77,78 194
78,79 186
79,80 107
80,81 200
81,82 153
82,83 132
83,84 165
84,85 154
85,86 135
88,87 130
89,87 71
90,88 122
91,88 171
92,94 94
93,92 192
93,97 74
94,92 129
94,98 146
94,97 67
95,93 117
95,97 168
96,92 173
97,96 180
98,95 123
100,99 158
101,100 102
102,101 94
103,101 120
104,100 115
105,102 60
105,100 156
106,99 165
107,101 65
108,102 98
109,103 133
110,108 75
110,107 69
111,103 92
113,112 141
113,114 54
113,117 78
114,112 177
114,116 117
114,115 140
115,114 174
116,112 85
117,115 125
118,119 63
119,120 88
122,121 164
122,130 181
122,125 107
123,121 178
123,130 116
124,121 164
125,124 55
125,121 181
126,124 96
127,122 183
127,123 165
128,123 152
128,129 120
129,121 182
130,121 98
131,121 140
132,127 89
133,122 194
134,122 171
135,121 144
135,122 100
135,132 195
136,137 93
137,138 184
138,139 79
139,140 166
140,141 136
141,142 69
142,143 88
143,144 175
144,145 63
145,146 160
146,147 157
147,148 97
148,149 169
150,155 128
150,156 121
151,150 131
152,150 170
153,150 145
153,156 124
154,150 182
155,152 190
156,150 156
158,157 125
159,158 169
160,157 174
161,158 139
162,160 53
163,158 155
164,163 135
165,159 150
166,161 68
168,167 163
169,167 186
170,169 164
171,168 51
172,171 158
latency
1,0 3
1,6 4
2,1 4
3,1 4
4,2 4
5,1 3
5,4 3
6,3 4
7,6 4
8,2 3
9,5 4
10,9 2
12,11 4
13,11 4
14,13 4
15,11 3
16,12 4
18,17 3
19,18 2
19,22 4
19,25 2
20,18 4
20,26 2
21,17 2
21,18 3
22,17 2
23,20 4
24,21 3
25,21 2
26,23 2
27,20 4
28,29 4
29,30 3
32,31 3
33,32 3
35,34 3
36,35 2
36,40 3
37,35 3
37,34 3
38,37 4
39,36 3
39,38 3
40,35 4
42,41 3
43,41 3
44,41 4
45,43 2
46,44 4
47,44 3
48,42 4
49,41 4
50,46 4
51,49 2
52,44 3
53,51 3
54,43 4
55,51 3
57,56 3
57,59 4
58,56 4
59,56 3
59,60 4
60,59 4
61,59 3
63,62 4
64,63 3
65,69 4
66,65 2
67,65 2
68,67 3
69,68 4
70,65 3
71,68 3
71,72 4
72,67 2
72,68 3
72,70 4
73,74 3
74,75 3
75,76 3
76,77 3
77,78 4
78,79 2
79,80 3
80,81 3
81,82 3
82,83 4
83,84 3
84,85 4
85,86 4
88,87 2
89,87 3
90,88 3
91,88 4
92,94 2
93,92 4
93,97 3
94,92 3
94,98 3
94,97 3
95,93 3
95,97 2
96,92 4
97,96 3
98,95 4
100,99 4
101,100 4
102,101 3
103,101 3
104,100 2
105,102 3
105,100 2
106,99 4
107,101 3
108,102 4
109,103 3
110,108 3
110,107 4
111,103 3
113,112 3
113,114 3
113,117 3
114,112 3
114,116 4
114,115 4
115,114 4
116,112 4
117,115 4
118,119 4
119,120 3
122,121 4
122,130 2
122,125 3
123,121 4
123,130 4
124,121 4
125,124 4
125,121 4
126,124 4
127,122 4
127,123 3
128,123 4
128,129 2
129,121 3
130,121 2
131,121 3
132,127 4
133,122 3
134,122 3
135,121 3
135,122 3
135,132 3
136,137 4
137,138 4
138,139 2
139,140 3
140,141 3
141,142 3
142,143 2
143,144 4
144,145 3
145,146 2
146,147 3
147,148 2
148,149 3
150,155 4
150,156 2
151,150 2
152,150 4
153,150 3
153,156 4
154,150 4
155,152 4
156,150 3
158,157 3
159,158 3
160,157 2
161,158 4
162,160 4
163,158 4
164,163 4
165,159 4
166,161 2
168,167 4
169,167 4
170,169 4
171,168 4
172,171 4
