core
54 61 37 130 231 176 226 160 488 872 62 239 697 357 190 154 44 47 696 545 216 112 153 120 22 625 149 54 172 7 164 535 155 753 246 7 136 29 807 100 97 84 59 208 33 229 221 120 515 756 193 38 14 44 64 10 140 114 158 119 94 98 98 83 653 414 620 883 52 204 102 36 34 174 90 170 850 750 752 188 175 52 123 68 772 175 173 190 511 117 187 36 109 63 51 857 578 123 365 136 65 248 86 44 242 551 369 219 210 36 432 217 122 146 12 174 168 9 639 772 193 38 123 65 208 120 586 179 57 248 11 24 23 126 212 173 235 110 885 660 394 91 81 64 576 227 70 603 196 208 47 27 13 59 28 171 197 151 94 92 169 242 99 546 692 564 535 361 591 106 239 120 90 246 81 61 112 47 41 464 203 62 245 197 96 414 84 10 42 163
has_camera
0 1 0 0 0 1 0 1 0 0 0 1 0 0 1 0 1 0 0 0 1 0 1 0 0 0 0 1 0 1 0 0 1 0 0 0 0 1 0 0 1 1 0 0 1 0 1 1 0 0 1 0 1 1 1 1 1 1 0 0 1 1 1 0 0 0 0 0 1 0 0 1 0 1 0 1 0 0 0 1 0 1 0 1 0 0 0 0 0 0 1 0 0 1 0 0 0 0 0 0 0 0 0 0 0 0 0 1 0 0 0 0 1 1 1 1 0 1 0 0 1 1 0 0 0 1 0 1 1 0 0 0 0 0 0 0 0 0 0 0 0 1 1 1 0 0 0 0 0 0 1 0 1 0 1 0 0 0 1 1 1 0 0 0 0 0 0 0 0 0 0 0 0 0 0 1 0 0 1 0 0 0 1 0 1 0 1 1 0 1
has_gpu
1 1 1 0 1 0 1 1 0 0 0 0 0 0 0 1 1 1 0 0 0 1 0 0 0 0 0 0 1 0 1 0 0 0 0 0 1 0 0 0 0 0 0 0 0 1 1 1 0 0 0 0 0 0 1 1 0 0 0 1 0 1 1 1 0 0 0 0 0 1 1 1 1 1 0 1 0 0 0 0 1 1 0 1 0 1 1 0 0 0 0 1 1 1 0 0 0 1 0 0 1 1 1 1 1 0 0 0 1 0 0 0 0 1 0 1 0 0 0 0 1 1 0 0 1 1 0 0 0 0 1 1 0 0 1 0 1 1 0 0 0 1 1 0 0 1 0 0 1 0 0 0 0 1 1 1 0 0 0 1 0 1 1 0 0 0 0 0 0 0 0 0 0 0 1 0 0 1 0 0 1 0 0 1 1 0 1 1 1 0
bandwidth
0,1 73
1,2 96
2,3 167
3,4 170
4,5 147
5,6 199
6,7 197
7,8 59
8,9 149
10,11 87
11,12 151
14,13 62
15,13 150
16,14 175
17,16 58
19,18 120
20,19 105
21,20 73
22,20 142
23,19 149
24,21 178
24,19 197
25,18 152
26,20 167
27,21 148
28,22 79
29,27 137
29,26 158
30,22 124
31,32 150
32,31 93
33,31 180
34,33 136
34,31 99
34,32 89
35,34 68
36,32 192
36,31 172
37,35 198
39,38 125
40,38 106
41,38 62
42,39 149
43,38 107
44,43 150
44,51 93
45,39 180
46,43 97
47,41 123
48,38 94
49,38 146
50,49 146
50,48 102
51,44 83
52,53 187
53,54 149
54,55 183
55,56 60
56,57 99
57,58 108
58,59 137
59,60 95
60,61 180
61,62 71
62,63 61
63,64 151
64,65 69
65,66 163
68,67 96
69,67 150
70,67 168
71,72 62
72,73 84
73,74 194
74,75 88
75,76 102
76,77 90
79,78 123
80,78 195
81,80 190
82,78 182
83,79 113
84,85 117
85,84 136
86,85 150
86,89 129
87,84 92
88,84 91
88,95 106
89,87 179
89,84 114
90,87 120
91,90 115
92,88 109
92,86 62
93,91 113
94,86 113
95,84 167
95,91 50
95,89 93
97,96 69
97,104 172
97,102 145
97,100 127
97,101 197
98,96 78
98,99 172
99,97 89
100,99 186
100,97 72
101,98 179
102,97 122
102,104 149
103,101 121
103,97 57
104,97 75
104,101 178
106,105 64
107,106 179
108,106 80
109,107 166
109,108 52
110,105 193
111,106 194
112,110 196
112,113 84
113,112 87
114,109 155
115,112 72
116,110 164
117,109 93
119,118 94
119,122 186
119,121 114
120,119 159
121,120 81
121,119 194
122,120 150
123,121 168
123,125 92
123,120 200
124,119 97
124,125 169
125,120 77
125,123 182
127,126 167
128,127 155
129,126 51
130,131 155
131,132 83
132,133 63
133,134 134
134,135 80
135,136 110
136,137 123
137,138 180
138,139 164
140,142 94
141,140 192
141,145 74
142,140 129
142,146 146
142,145 67
143,141 117
143,145 168
144,140 173
145,144 180
146,143 123
147,151 183
148,147 112
149,148 151
149,150 145
150,149 144
151,149 66
151,150 103
151,147 188
152,153 137
153,154 170
154,155 157
155,156 83
156,157 150
157,158 125
158,159 173
159,160 62
160,161 169
161,162 162
162,163 107
163,164 62
164,165 83
167,166 78
168,166 183
169,168 129
170,169 162
171,169 95
172,168 79
173,168 103
174,171 122
175,174 166
176,171 109
177,176 131
178,174 122
180,179 171
181,180 165
181,189 81
182,179 85
182,188 146
183,182 59
183,185 119
184,179 159
185,179 189
186,185 179
187,186 127
187,185 171
188,183 148
189,185 64
189,179 189
latency
0,1 4
1,2 4
2,3 3
3,4 2
4,5 3
5,6 4
6,7 4
7,8 3
8,9 4
10,11 4
11,12 4
14,13 4
15,13 3
16,14 4
17,16 3
19,18 3
20,19 2
21,20 3
22,20 2
23,19 4
24,21 3
24,19 2
25,18 3
26,20 2
27,21 3
28,22 3
29,27 3
29,26 3
30,22 4
31,32 3
32,31 3
33,31 3
34,33 4
34,31 4
34,32 4
35,34 3
36,32 3
36,31 3
37,35 2
39,38 4
40,38 4
41,38 2
42,39 4
43,38 4
44,43 3
44,51 4
45,39 3
46,43 2
47,41 3
48,38 4
49,38 4
50,49 4
50,48 4
51,44 3
52,53 2
53,54 3
54,55 4
55,56 3
56,57 4
57,58 3
58,59 2
59,60 3
60,61 4
61,62 2
62,63 3
63,64 4
64,65 3
65,66 4
68,67 4
69,67 2
70,67 4
71,72 3
72,73 4
73,74 4
74,75 3
75,76 4
76,77 3
79,78 4
80,78 4
81,80 3
82,78 3
83,79 4
84,85 3
85,84 4
86,85 4
86,89 4
87,84 3
88,84 4
88,95 3
89,87 3
89,84 2
90,87 3
91,90 3
92,88 3
92,86 3
93,91 4
94,86 4
95,84 4
95,91 4
95,89 4
97,96 3
97,104 2
97,102 2
97,100 2
97,101 4
98,96 2
98,99 3
99,97 3
100,99 3
100,97 3
101,98 4
102,97 3
102,104 4
103,101 3
103,97 3
104,97 3
104,101 4
106,105 3
107,106 4
108,106 4
109,107 4
109,108 4
110,105 3
111,106 3
112,110 3
112,113 3
113,112 2
114,109 4
115,112 2
116,110 3
117,109 4
119,118 3
119,122 4
119,121 4
120,119 4
121,120 3
121,119 2
122,120 3
123,121 4
123,125 3
123,120 4
124,119 3
124,125 3
125,120 4
125,123 4
127,126 3
128,127 2
129,126 2
130,131 2
131,132 4
132,133 3
133,134 3
134,135 2
135,136 4
136,137 4
137,138 2
138,139 3
140,142 2
141,140 4
141,145 3
142,140 3
142,146 3
142,145 3
143,141 3
143,145 2
144,140 4
145,144 3
146,143 4
147,151 4
148,147 3
149,148 2
149,150 3
150,149 4
151,149 3
151,150 4
151,147 4
152,153 2
153,154 3
154,155 4
155,156 3
156,157 3
157,158 4
158,159 3
159,160 2
160,161 4
161,162 4
162,163 4
163,164 4
164,165 4
167,166 3
168,166 3
169,168 3
170,169 3
171,169 3
172,168 4
173,168 4
174,171 4
175,174 3
176,171 4
177,176 4
178,174 3
180,179 2
181,180 3
181,189 3
182,179 4
182,188 4
183,182 3
183,185 4
184,179 4
185,179 4
186,185 3
187,186 4
187,185 4
188,183 3
189,185 4
189,179 2
