core
414 172 207 522 212 171 126 32 72 67 886 124 24 99 842 203 201 206 687 132 168 30 86 33 22 850 696 545 216 112 153 120 22 625 149 54 172 7 164 464 203 62 245 197 96 414 84 10 42 163 594 149 49 110 162 122 871 144 20 45 141 490 199 97 146 19 23 492 641 158 131 94 109 61 781 66 177 149 25 787 236 220 57 242 187 71 229 38 219 799 388 215 424 416 89 122 66 205 139 104 23 61 132 176 704 892 218 125 187 205 174 774 31 47 125 70 805 192 176 101 481 188 123 25 34 36 239 40 163 506 204 35 57 18 218 157 213 121 211 169 619 456 364 544 203 235 777 101 85 194 46 39 726 139 11 125 35 59 24 128 92 185 196 133 109 167 479 353 812 555 180 204 232 60 14 816 63 193 54 61 37 130 231 176 226 160 488 872 693 411 163 438 202 54 170 147 110 140 233 49 194 68 645 128 485 98 224 227 18 86 56 55 220 395 585 160 215 93 204 411 22 207 217 54 50 848 179 226 240 47 704 113 27 644 220 139 122 589 226 111 49 735 66 137 47 81 180 41 21 49 221 105 128 163 244 127 685 385 782
has_camera
0 0 1 0 0 0 0 0 0 0 0 1 0 0 0 0 0 1 0 1 0 1 0 0 1 0 0 0 1 0 1 0 0 0 0 1 0 1 0 0 0 0 1 0 1 0 1 1 0 1 0 0 1 0 0 0 0 0 0 0 0 0 0 0 1 1 0 0 0 0 0 0 0 0 0 1 1 0 1 0 0 1 1 0 0 1 0 0 0 0 0 0 0 0 0 0 1 1 0 0 0 0 0 0 0 0 1 1 1 0 0 0 0 0 0 1 0 0 1 1 0 0 1 1 0 0 0 1 1 0 0 1 0 0 0 1 0 0 0 1 0 0 0 0 1 0 0 0 1 0 1 1 0 0 1 1 1 1 1 0 0 1 1 0 0 0 0 0 0 0 1 0 0 1 0 0 1 0 0 1 0 0 0 1 0 1 0 0 0 0 1 0 0 1 0 0 0 0 1 1 1 1 0 0 0 0 0 0 0 1 0 0 0 0 0 0 0 0 0 0 0 0 0 1 1 0 1 1 0 0 0 1 0 0 0 0 1 0 0 0 1 0 1 1 1 0 0 0 0 0 1 0 0 1 0 0 0 0 0
has_gpu
0 0 0 0 1 0 0 0 0 0 0 1 0 1 0 1 0 1 0 0 0 1 0 0 0 0 0 0 0 1 0 0 0 0 0 0 1 0 1 0 1 0 0 1 1 0 1 1 1 0 0 1 0 1 1 0 0 1 0 1 0 0 1 1 0 0 0 0 0 1 0 0 0 0 0 0 0 1 0 0 0 0 1 1 0 0 0 1 1 0 0 0 0 0 1 1 1 0 0 0 1 0 0 1 0 0 1 0 1 1 0 0 0 1 0 1 0 0 0 1 0 1 0 0 1 0 0 1 0 0 1 0 1 1 0 0 0 0 1 1 0 0 0 0 0 0 0 1 0 1 0 1 0 0 0 0 0 1 0 0 1 0 1 1 0 0 0 0 0 0 0 0 0 0 0 0 1 0 1 1 1 0 1 0 1 1 0 0 0 0 0 0 1 1 0 1 0 0 0 0 1 0 0 0 0 1 0 1 1 1 0 0 1 0 0 1 1 0 0 0 1 0 0 0 0 0 0 0 0 1 0 0 0 0 0 1 0 0 1 0 0 0 0 1 0 0 1 1 1 0 1 1 0 0 0 0 0 0 0
bandwidth
1,0 143
2,1 64
3,0 179
4,1 89
5,3 149
6,1 140
7,6 141
8,2 84
9,4 78
11,10 111
12,11 146
13,11 193
14,15 112
15,14 113
16,15 128
16,19 177
17,14 136
18,14 122
18,25 175
19,17 59
19,14 124
20,17 168
21,20 99
22,18 152
22,16 170
23,21 193
24,16 90
25,14 96
25,21 183
25,19 96
27,26 120
28,27 105
29,28 73
30,28 142
31,27 149
32,29 178
32,27 197
33,26 152
34,28 167
35,29 148
36,30 79
37,35 137
37,34 158
38,30 124
40,39 171
41,40 165
41,49 81
42,39 85
42,48 146
43,42 59
43,45 119
44,39 159
45,39 189
46,45 179
47,46 127
47,45 171
48,43 148
49,45 64
49,39 189
51,50 140
52,51 84
52,60 159
53,50 112
53,59 121
54,53 92
54,56 105
55,50 156
56,50 57
57,56 146
58,57 139
58,56 117
59,54 182
60,56 69
60,50 173
62,61 79
62,64 167
63,61 197
64,61 170
64,65 92
65,64 140
66,64 173
68,67 180
69,68 77
70,69 179
71,69 197
72,70 163
73,72 75
74,68 176
75,73 158
76,69 193
77,74 117
78,72 148
80,79 69
81,79 111
82,81 145
83,79 102
84,79 166
85,84 198
86,79 164
87,82 153
88,83 59
89,79 136
91,90 159
92,90 72
93,90 68
94,91 145
95,92 172
96,95 54
97,95 75
98,93 76
99,91 177
100,97 63
101,96 52
102,92 144
103,98 198
105,104 146
106,105 116
107,105 171
108,106 87
109,106 115
110,107 157
111,105 158
112,110 136
113,108 152
114,109 189
115,113 171
117,116 176
117,128 111
117,121 140
118,116 141
118,123 81
119,117 63
120,116 60
120,125 102
121,120 189
122,120 74
122,123 152
123,119 73
124,123 147
125,123 146
125,126 198
126,122 90
127,125 62
128,122 53
128,120 118
129,116 172
130,118 192
130,117 181
130,120 144
131,132 116
132,133 109
133,134 78
134,135 163
135,136 89
136,137 126
137,138 195
138,139 105
139,140 76
140,141 135
141,142 160
144,143 55
145,143 110
146,143 56
146,152 97
147,146 131
148,146 188
148,143 74
149,144 150
150,149 144
151,148 67
152,143 178
152,153 111
153,144 200
154,149 165
155,152 115
156,157 93
157,158 72
158,159 100
159,160 133
160,161 175
161,162 184
162,163 112
163,164 117
164,165 127
165,166 141
166,167 171
167,168 56
170,169 200
170,172 145
171,169 165
172,169 120
172,173 64
173,172 76
174,172 53
175,176 85
176,175 147
177,175 186
177,176 153
178,179 73
179,180 96
180,181 167
181,182 170
182,183 147
183,184 199
184,185 197
185,186 59
186,187 149
189,188 143
190,189 134
191,188 151
192,189 129
193,192 147
194,190 194
195,189 54
196,192 108
197,189 115
198,197 119
199,198 114
200,190 73
201,196 64
203,202 197
204,202 94
205,203 140
206,204 75
207,205 101
208,207 125
209,205 200
210,208 82
211,210 139
212,207 171
213,202 79
215,214 141
216,215 186
216,219 53
216,222 58
217,215 85
217,223 182
218,214 79
218,215 155
219,214 119
220,217 78
221,218 147
222,218 140
223,220 128
224,217 57
226,225 131
227,225 81
228,227 159
229,228 100
230,225 183
231,230 152
232,228 142
234,233 105
235,234 176
236,235 175
237,233 78
238,235 80
239,237 197
240,236 69
241,233 57
242,236 166
243,234 58
244,240 116
245,237 52
246,243 193
247,248 200
248,249 108
249,250 66
250,251 200
251,252 155
252,253 111
253,254 137
254,255 176
255,256 83
256,257 199
257,258 142
latency
1,0 3
2,1 3
3,0 4
4,1 3
5,3 3
6,1 3
7,6 3
8,2 4
9,4 4
11,10 3
12,11 3
13,11 4
14,15 3
15,14 3
16,15 4
16,19 4
17,14 3
18,14 4
18,25 3
19,17 4
19,14 3
20,17 3
21,20 3
22,18 2
22,16 3
23,21 4
24,16 3
25,14 3
25,21 2
25,19 3
27,26 3
28,27 2
29,28 3
30,28 2
31,27 4
32,29 3
32,27 2
33,26 3
34,28 2
35,29 3
36,30 3
37,35 3
37,34 3
38,30 4
40,39 2
41,40 3
41,49 3
42,39 4
42,48 4
43,42 3
43,45 4
44,39 4
45,39 4
46,45 3
47,46 4
47,45 4
48,43 3
49,45 4
49,39 2
51,50 4
52,51 3
52,60 4
53,50 4
53,59 3
54,53 3
54,56 3
55,50 3
56,50 2
57,56 3
58,57 3
58,56 3
59,54 3
60,56 4
60,50 4
62,61 2
62,64 3
63,61 3
64,61 3
64,65 3
65,64 3
66,64 4
68,67 4
69,68 2
70,69 4
71,69 3
72,70 3
73,72 4
74,68 4
75,73 2
76,69 2
77,74 3
78,72 4
80,79 2
81,79 4
82,81 3
83,79 3
84,79 4
85,84 3
86,79 3
87,82 4
88,83 4
89,79 4
91,90 4
92,90 3
93,90 3
94,91 4
95,92 3
96,95 4
97,95 2
98,93 3
99,91 3
100,97 4
101,96 3
102,92 3
103,98 4
105,104 4
106,105 3
107,105 4
108,106 4
109,106 4
110,107 3
111,105 2
112,110 3
113,108 2
114,109 4
115,113 3
117,116 4
117,128 4
117,121 4
118,116 4
118,123 4
119,117 4
120,116 4
120,125 3
121,120 3
122,120 3
122,123 4
123,119 3
124,123 3
125,123 4
125,126 4
126,122 4
127,125 4
128,122 4
128,120 2
129,116 4
130,118 3
130,117 3
130,120 3
131,132 4
132,133 4
133,134 4
134,135 4
135,136 4
136,137 4
137,138 3
138,139 4
139,140 3
140,141 2
141,142 4
144,143 3
145,143 4
146,143 3
146,152 2
147,146 4
148,146 4
148,143 3
149,144 4
150,149 3
151,148 3
152,143 4
152,153 3
153,144 3
154,149 4
155,152 3
156,157 2
157,158 4
158,159 2
159,160 3
160,161 4
161,162 4
162,163 2
163,164 4
164,165 2
165,166 4
166,167 3
167,168 3
170,169 2
170,172 4
171,169 3
172,169 4
172,173 4
173,172 2
174,172 3
175,176 3
176,175 3
177,175 3
177,176 2
178,179 4
179,180 4
180,181 3
181,182 2
182,183 3
183,184 4
184,185 4
185,186 3
186,187 4
189,188 3
190,189 4
191,188 3
192,189 4
193,192 4
194,190 3
195,189 3
196,192 3
197,189 3
198,197 4
199,198 4
200,190 4
201,196 4
203,202 4
204,202 4
205,203 4
206,204 4
207,205 4
208,207 2
209,205 3
210,208 4
211,210 3
212,207 4
213,202 3
215,214 2
216,215 4
216,219 3
216,222 4
217,215 4
217,223 3
218,214 3
218,215 4
219,214 4
220,217 3
221,218 4
222,218 4
223,220 4
224,217 3
226,225 2
227,225 3
228,227 4
229,228 4
230,225 3
231,230 4
232,228 3
234,233 4
235,234 4
236,235 3
237,233 4
238,235 2
239,237 3
240,236 2
241,233 2
242,236 3
243,234 3
244,240 4
245,237 3
246,243 3
247,248 3
248,249 3
249,250 3
250,251 3
251,252 2
252,253 4
253,254 3
254,255 4
255,256 3
256,257 3
257,258 3
