core
54 75 51 88 230 206 127 166 104 134 218 580 517 409 785 173 152 168 131 225 520 200 96 19 45 12 117 400 710 143 215 222 217 539 10 51 9 50 163 94 177 620 62 239 697 899 181 160 104 696 224 59 98 63 831 99 164 105 153 238 430 98 168 67 46 51 176 721 381 695 172 218 217 133 177 839 9 49 202 10 515 34 149 409 136 154 115 206 31 121 93 74 173 8 842 541 68 81 572 144 37 80 31 31 6 6 211 138 140 155 97 138 231 212 475 806 844 54 177 162 438 620 135 103 98 6 241 99 245 234 752 735 22 70 208 669 215 174 25 21 515 94 201 24 158 11 364 202 215 65 848 149 162 122 25 45 24 180 203 174 682 16 236 188 556 753 226 185 164 174 200 841 108 242 40 74 41 156 486 47 97 485 393 181 169 25 644 63 154 87 439 17 82 168
has_camera
0 1 1 1 1 0 1 0 0 0 0 0 0 0 0 0 0 0 0 1 0 0 1 0 1 1 1 0 0 0 1 0 1 0 0 1 0 0 0 0 0 0 0 1 0 0 0 0 0 0 1 1 0 0 0 0 1 1 1 0 0 1 1 0 0 0 0 0 0 0 0 0 1 1 0 0 1 1 0 0 0 1 0 0 0 1 0 0 0 0 0 1 0 0 0 0 0 1 0 0 0 0 1 1 1 1 0 0 0 0 0 1 1 0 0 0 0 0 0 0 0 0 0 0 1 1 1 0 1 0 0 0 0 1 0 0 1 1 0 1 0 0 0 1 1 1 0 0 1 0 0 1 0 1 1 1 1 1 1 0 0 1 0 0 0 0 0 0 0 1 0 0 0 0 1 0 1 1 0 0 0 0 0 0 0 0 0 0 1 0 0 0 1 0
has_gpu
0 0 0 0 1 1 0 1 0 0 0 0 0 0 0 1 0 0 1 1 0 0 1 1 1 0 0 0 0 1 1 0 1 0 0 0 0 0 0 0 1 0 0 0 0 0 0 1 1 0 1 0 0 0 0 0 1 0 1 1 0 1 0 1 0 0 1 0 0 0 1 0 0 1 0 0 0 0 0 0 0 0 1 0 0 0 0 1 0 0 0 0 1 0 0 0 0 1 0 0 0 0 0 0 0 0 1 0 0 0 0 1 1 0 0 0 0 1 1 0 0 0 1 0 0 0 0 1 1 1 0 0 0 1 0 0 1 0 0 1 0 1 1 0 1 0 0 0 1 1 0 0 0 0 1 0 0 0 0 0 0 0 0 1 0 0 0 1 1 1 1 0 0 1 1 0 0 0 0 0 0 0 0 0 0 0 0 1 1 1 0 0 1 1
bandwidth
0,1 93
1,2 184
2,3 79
3,4 166
4,5 136
5,6 69
6,7 88
7,8 175
8,9 63
9,10 160
10,11 157
11,12 97
12,13 169
15,14 83
15,24 180
16,14 128
16,17 175
17,14 153
17,27 165
18,17 131
19,18 158
20,14 143
21,15 139
22,18 190
23,22 109
23,19 177
23,26 78
24,23 151
25,19 188
25,16 104
25,22 155
26,21 96
26,19 88
27,14 56
29,28 180
29,35 147
30,28 75
30,29 147
31,28 132
31,32 179
31,35 66
32,28 131
33,28 172
33,29 100
34,33 142
34,30 102
35,30 77
36,37 79
37,38 128
38,39 107
39,40 135
40,41 143
42,43 87
43,44 151
46,45 52
47,45 65
48,46 88
49,45 144
50,46 165
51,50 130
52,46 150
53,50 76
55,54 189
55,64 52
56,54 89
56,57 173
57,54 96
57,67 105
58,57 189
59,58 162
60,54 190
61,55 167
62,58 54
63,62 88
63,59 123
63,66 144
64,63 183
65,59 116
65,56 200
65,62 113
66,61 81
66,59 132
67,54 73
69,68 190
70,69 127
71,69 162
72,70 167
73,70 148
74,71 69
75,69 88
76,74 200
77,72 163
78,73 105
79,77 166
80,82 86
80,81 154
81,80 66
82,80 96
84,83 79
85,83 75
86,84 141
87,83 162
88,86 132
89,86 99
90,87 134
91,89 89
92,86 106
93,92 99
94,83 76
95,83 183
96,93 157
97,94 95
98,100 187
99,98 105
100,99 164
101,98 68
101,100 166
102,103 118
103,104 163
104,105 68
105,106 135
106,107 185
107,108 121
108,109 54
109,110 74
110,111 144
111,112 66
112,113 99
113,114 184
114,115 198
115,116 55
117,118 84
118,119 180
119,120 171
122,121 191
123,122 112
124,121 116
125,123 130
126,123 137
127,121 119
128,124 131
129,121 54
130,121 117
131,121 86
132,126 69
133,125 110
134,129 136
135,139 183
136,135 120
137,136 142
137,138 127
138,137 134
139,137 61
139,138 136
139,135 196
141,140 148
142,140 62
143,142 177
144,140 160
145,143 67
146,140 66
147,142 163
148,141 167
149,143 81
151,150 164
151,159 181
151,154 107
152,150 178
152,159 116
153,150 164
154,153 55
154,150 181
155,153 96
156,151 183
156,152 165
157,152 152
157,158 120
158,150 182
159,150 98
160,150 140
161,156 89
162,151 194
163,151 171
164,150 144
164,151 100
164,161 195
166,165 103
166,175 127
167,165 197
167,168 129
168,165 66
168,178 172
169,168 92
170,169 79
171,165 131
172,166 116
173,169 160
174,173 168
174,170 72
174,177 139
175,174 114
176,170 168
176,167 178
176,173 82
177,172 115
177,170 136
178,165 97
179,180 63
180,181 88
182,184 174
183,182 56
184,182 50
185,183 80
186,182 171
186,188 116
186,183 173
187,186 134
188,184 61
189,183 69
191,190 53
192,190 121
193,190 125
latency
0,1 4
1,2 4
2,3 2
3,4 3
4,5 3
5,6 3
6,7 2
7,8 4
8,9 3
9,10 2
10,11 3
11,12 2
12,13 3
15,14 3
15,24 4
16,14 4
16,17 3
17,14 4
17,27 4
18,17 3
19,18 4
20,14 4
21,15 3
22,18 3
23,22 4
23,19 4
23,26 3
24,23 4
25,19 2
25,16 4
25,22 4
26,21 4
26,19 4
27,14 3
29,28 3
29,35 4
30,28 3
30,29 4
31,28 4
31,32 2
31,35 4
32,28 2
33,28 3
33,29 3
34,33 2
34,30 4
35,30 3
36,37 3
37,38 4
38,39 4
39,40 3
40,41 4
42,43 4
43,44 4
46,45 3
47,45 3
48,46 4
49,45 3
50,46 4
51,50 4
52,46 3
53,50 3
55,54 4
55,64 4
56,54 3
56,57 3
57,54 2
57,67 4
58,57 2
59,58 2
60,54 3
61,55 3
62,58 3
63,62 3
63,59 2
63,66 4
64,63 4
65,59 4
65,56 3
65,62 2
66,61 3
66,59 4
67,54 3
69,68 4
70,69 3
71,69 3
72,70 3
73,70 2
74,71 2
75,69 3
76,74 4
77,72 4
78,73 4
79,77 3
80,82 3
80,81 3
81,80 2
82,80 2
84,83 3
85,83 4
86,84 4
87,83 4
88,86 3
89,86 3
90,87 3
91,89 4
92,86 3
93,92 2
94,83 3
95,83 2
96,93 4
97,94 4
98,100 4
99,98 3
100,99 2
101,98 4
101,100 3
102,103 3
103,104 4
104,105 3
105,106 3
106,107 3
107,108 3
108,109 3
109,110 3
110,111 2
111,112 4
112,113 3
113,114 3
114,115 4
115,116 4
117,118 4
118,119 3
119,120 3
122,121 4
123,122 4
124,121 2
125,123 3
126,123 2
127,121 4
128,124 3
129,121 4
130,121 3
131,121 3
132,126 3
133,125 3
134,129 4
135,139 3
136,135 3
137,136 3
137,138 3
138,137 4
139,137 4
139,138 4
139,135 2
141,140 4
142,140 2
143,142 3
144,140 2
145,143 4
146,140 3
147,142 2
148,141 4
149,143 4
151,150 4
151,159 2
151,154 3
152,150 4
152,159 4
153,150 4
154,153 4
154,150 4
155,153 4
156,151 4
156,152 3
157,152 4
157,158 2
158,150 3
159,150 2
160,150 3
161,156 4
162,151 3
163,151 3
164,150 3
164,151 3
164,161 3
166,165 4
166,175 3
167,165 2
167,168 4
168,165 3
168,178 3
169,168 3
170,169 2
171,165 3
172,166 2
173,169 4
174,173 3
174,170 3
174,177 2
175,174 4
176,170 3
176,167 3
176,173 2
177,172 4
177,170 2
178,165 4
179,180 4
180,181 3
182,184 2
183,182 3
184,182 4
185,183 3
186,182 2
186,188 4
186,183 4
187,186 4
188,184 4
189,183 2
191,190 4
192,190 4
193,190 4
