core
439 393 103 180 237 147 9 687 87 22 110 33 110 789 192 157 178 187 163 352 138 232 58 29 57 214 784 19 26 147 193 247 154 811 896 857 823 779 181 192 130 180 218 168 55 246 40 48 764 214 228 578 154 232 144 69 63 717 210 68 212 618 191 24 183 236 47 190 351 159 11 534 50 140 86 58 68 214 243 243 722 816 63 193 506 164 380 107 50 27 125 239 206 144 55 464 203 62 245 197 96 414 84 10 42 163 411 186 85 95 67 81 200 376 19 29 855 189 62 102 111 493 225 82 102 87 45 109 166 22 175 36 432 561 65 182 393 181 169 25 644 63 154 87 11 53 135 83 157 208 637 851 831 99 164 105 153 238 430 98 168 67 46 51 176 721 814 83 43 139 91 106 690 122 53 841 113 385 117 48 67 234 117 132 7 804 201 166 734 215 192 247 155 41 547 23 129 156 9 32
has_camera
0 0 0 0 1 0 0 0 1 1 0 0 0 0 0 1 0 1 1 0 0 0 1 0 1 0 0 0 0 0 1 1 0 0 0 0 0 0 1 0 0 0 1 1 0 1 1 1 0 1 0 0 0 0 0 0 1 0 1 0 0 0 1 0 0 0 1 0 0 1 1 0 0 1 1 1 0 0 0 1 0 0 1 0 0 1 0 0 1 1 1 1 1 0 0 0 0 0 1 0 1 0 1 1 0 1 0 0 1 1 1 1 0 0 1 0 0 1 1 0 0 0 0 0 0 0 0 0 1 1 0 0 0 0 1 0 0 0 0 0 0 0 1 0 1 0 1 1 0 1 0 0 0 0 1 1 1 0 0 1 1 0 0 0 0 0 0 0 0 0 0 1 0 0 1 0 0 0 0 0 1 0 0 1 0 0 0 0 0 0 0 1 0 1 0 1 1 0 0 0
has_gpu
0 0 0 0 1 1 0 0 0 0 1 0 0 0 1 1 0 0 1 0 1 1 0 0 0 0 0 0 0 1 0 0 1 0 0 0 0 0 1 1 1 1 1 0 0 0 0 0 0 0 0 0 0 0 0 0 0 0 1 0 1 0 0 1 1 1 0 0 0 0 0 0 0 0 0 0 0 1 1 0 0 0 1 0 0 1 0 0 0 0 0 0 0 0 0 0 1 0 0 1 1 0 1 1 1 0 0 1 0 0 0 0 0 0 1 0 0 1 1 0 0 0 1 0 0 0 1 1 1 1 0 0 0 0 0 0 0 0 0 0 0 1 1 1 1 1 1 1 0 1 0 0 0 0 1 0 1 1 0 1 0 1 0 0 1 0 0 1 0 1 1 0 0 1 0 0 0 0 1 0 0 0 1 0 0 0 1 1 0 0 1 1 0 1 0 1 1 1 0 0
bandwidth
1,0 158
2,1 102
3,2 94
4,2 120
5,1 115
6,3 60
6,1 156
7,0 165
8,2 65
9,3 98
10,4 133
11,9 75
11,8 69
12,4 92
14,13 81
14,23 172
15,13 173
15,16 58
16,13 175
16,26 63
17,16 89
18,17 137
19,13 138
20,14 122
21,17 157
22,21 95
22,18 119
22,25 135
23,22 183
24,18 109
24,15 109
24,21 145
25,20 155
25,18 96
26,13 108
27,28 86
28,29 149
29,30 153
30,31 64
31,32 101
32,33 173
33,34 135
36,35 164
37,35 120
38,37 52
39,38 74
40,38 99
41,37 165
42,37 129
43,40 149
44,43 172
45,40 50
46,45 94
47,43 100
49,48 115
50,48 64
51,48 178
51,57 91
52,51 200
53,51 152
53,48 152
54,49 167
55,54 63
56,53 149
57,48 158
57,58 136
58,49 193
59,54 192
60,57 97
62,61 91
62,69 117
63,62 144
63,65 87
63,69 151
64,61 66
65,61 87
66,64 132
67,61 62
67,68 173
68,61 78
68,64 143
69,68 87
69,62 101
70,63 62
71,74 142
71,73 92
72,71 66
73,71 170
74,71 170
75,76 114
76,77 76
77,78 191
78,79 58
79,80 138
81,82 85
82,81 147
83,81 186
83,82 153
84,91 130
84,85 162
84,92 188
85,84 195
85,89 159
85,94 87
86,84 101
86,94 164
87,86 193
88,87 136
89,87 54
89,84 194
90,85 153
90,89 186
91,86 196
92,86 141
92,94 182
92,84 122
93,91 120
94,88 124
96,95 171
97,96 165
97,105 81
98,95 85
98,104 146
99,98 59
99,101 119
100,95 159
101,95 189
102,101 179
103,102 127
103,101 171
104,99 148
105,101 64
105,95 189
107,106 113
108,107 110
109,106 63
110,108 66
111,109 87
112,106 82
113,106 141
114,110 115
115,114 181
116,106 143
117,112 103
118,110 152
119,108 98
120,108 97
122,121 93
123,121 96
124,122 94
125,121 80
126,124 98
127,124 50
128,125 140
129,127 81
130,124 94
131,130 170
132,121 51
133,121 119
134,131 172
135,132 171
136,138 174
137,136 56
138,136 50
139,137 80
140,136 171
140,142 116
140,137 173
141,140 134
142,138 61
143,137 69
144,145 89
145,146 158
146,147 122
147,148 91
148,149 167
149,150 52
150,151 116
153,152 189
153,162 52
154,152 89
154,155 173
155,152 96
155,165 105
156,155 189
157,156 162
158,152 190
159,153 167
160,156 54
161,160 88
161,157 123
161,164 144
162,161 183
163,157 116
163,154 200
163,160 113
164,159 81
164,157 132
165,152 73
167,166 187
167,174 132
167,171 73
168,167 68
169,166 144
169,174 183
170,169 62
170,174 169
171,166 133
172,166 80
173,172 161
174,173 70
174,167 134
174,166 105
176,175 128
176,183 179
176,178 179
177,175 108
177,178 132
178,177 181
179,178 162
180,179 50
181,177 195
181,184 131
182,178 152
182,180 121
182,177 160
183,178 79
183,176 119
183,182 109
184,183 95
184,177 160
186,185 117
187,185 97
188,185 110
189,187 96
190,189 143
191,190 154
192,189 85
193,191 199
194,185 96
195,191 61
196,189 143
197,196 129
198,195 97
199,195 102
latency
1,0 4
2,1 4
3,2 3
4,2 3
5,1 2
6,3 3
6,1 2
7,0 4
8,2 3
9,3 4
10,4 3
11,9 3
11,8 4
12,4 3
14,13 3
14,23 4
15,13 3
15,16 2
16,13 4
16,26 4
17,16 2
18,17 3
19,13 4
20,14 4
21,17 4
22,21 3
22,18 3
22,25 3
23,22 3
24,18 3
24,15 3
24,21 3
25,20 3
25,18 4
26,13 3
27,28 4
28,29 4
29,30 2
30,31 4
31,32 4
32,33 4
33,34 3
36,35 4
37,35 2
38,37 2
39,38 4
40,38 4
41,37 4
42,37 3
43,40 4
44,43 4
45,40 4
46,45 4
47,43 3
49,48 4
50,48 3
51,48 4
51,57 3
52,51 2
53,51 4
53,48 3
54,49 3
55,54 4
56,53 2
57,48 4
57,58 3
58,49 2
59,54 4
60,57 4
62,61 3
62,69 2
63,62 2
63,65 3
63,69 2
64,61 4
65,61 3
66,64 4
67,61 3
67,68 3
68,61 4
68,64 4
69,68 2
69,62 4
70,63 3
71,74 3
71,73 3
72,71 4
73,71 4
74,71 2
75,76 3
76,77 4
77,78 3
78,79 3
79,80 3
81,82 3
82,81 3
83,81 3
83,82 2
84,91 2
84,85 4
84,92 3
85,84 3
85,89 3
85,94 2
86,84 4
86,94 3
87,86 4
88,87 2
89,87 3
89,84 2
90,85 3
90,89 2
91,86 4
92,86 3
92,94 4
92,84 3
93,91 3
94,88 3
96,95 2
97,96 3
97,105 3
98,95 4
98,104 4
99,98 3
99,101 4
100,95 4
101,95 4
102,101 3
103,102 4
103,101 4
104,99 3
105,101 4
105,95 2
107,106 4
108,107 3
109,106 2
110,108 4
111,109 4
112,106 4
113,106 4
114,110 3
115,114 3
116,106 3
117,112 2
118,110 3
119,108 3
120,108 4
122,121 2
123,121 4
124,122 4
125,121 4
126,124 3
127,124 2
128,125 3
129,127 4
130,124 3
131,130 3
132,121 3
133,121 3
134,131 3
135,132 2
136,138 2
137,136 3
138,136 4
139,137 3
140,136 2
140,142 4
140,137 4
141,140 4
142,138 4
143,137 2
144,145 4
145,146 4
146,147 4
147,148 2
148,149 4
149,150 3
150,151 3
153,152 4
153,162 4
154,152 3
154,155 3
155,152 2
155,165 4
156,155 2
157,156 2
158,152 3
159,153 3
160,156 3
161,160 3
161,157 2
161,164 4
162,161 4
163,157 4
163,154 3
163,160 2
164,159 3
164,157 4
165,152 3
167,166 3
167,174 3
167,171 4
168,167 4
169,166 3
169,174 3
170,169 3
170,174 4
171,166 3
172,166 4
173,172 4
174,173 3
174,167 4
174,166 4
176,175 4
176,183 3
176,178 4
177,175 3
177,178 4
178,177 2
179,178 3
180,179 4
181,177 3
181,184 4
182,178 3
182,180 2
182,177 3
183,178 2
183,176 2
183,182 4
184,183 4
184,177 4
186,185 3
187,185 3
188,185 4
189,187 3
190,189 4
191,190 2
192,189 4
193,191 2
194,185 4
195,191 4
196,189 3
197,196 2
198,195 4
199,195 4
