core
662 361 559 190 190 119 88 40 63 55 222 176 238 799 91 239 49 774 856 220 245 245 69 39 220 146 782 196 176 227 48 23 67 153 194 203 724 70 93 204 368 643 237 92 95 49 42 181 36 216 247 543 169 559 111 606 184 197 808 35 222 190 58 64 11 174 82 529 492 527 141 189 22 241 113 7 94 700 62 193 208 721 885 109 96 43 26 159 461 40 203 244 185 36 436 454 219 142 159 48 23 11 239 439 654 215 668 118 66 162 15 492 130 145 52 417 101 222 101 62 674 41 125 70 25 184 166 599 486 222 245 642 201 113 172 221 57 559 54 193 155 59 7 592 68 56 184 183 556 146 412 205 25 16 124 213 126 23 48 181 104 411 534 50 140 86 747 787 179 195 7 423 95 195 192 68 160 186 59 692 455 92 352 132 63 138 129 231 170 156 26 157 40 649 832 212 142 35 433 179 201 235 38 39 218 380 477 176 223 9 127 186 46 135 120 21 806 715 225 161 74 124 112 62 232 145 14 605 30 192 173
has_camera
0 0 0 0 1 0 0 0 0 1 0 0 0 0 0 0 0 0 0 1 0 1 1 0 0 1 0 0 1 0 0 0 1 0 0 0 0 1 1 1 0 0 0 0 0 1 0 0 0 0 0 0 1 0 0 0 0 1 0 1 0 0 1 0 0 1 0 0 0 0 0 1 1 0 0 1 1 0 1 0 1 0 0 0 0 0 0 0 0 1 0 1 0 1 0 0 0 1 0 0 1 1 0 0 0 1 0 0 0 0 0 0 0 0 1 0 0 1 0 1 0 1 1 0 1 0 0 0 0 0 0 0 0 0 0 0 0 0 1 0 0 0 0 0 1 1 0 1 0 1 0 0 0 1 0 0 0 0 1 1 0 0 0 0 1 1 0 0 0 1 0 0 0 0 0 1 0 0 0 0 0 0 0 0 1 0 0 0 0 0 0 0 0 0 0 1 1 0 0 1 0 0 0 0 1 0 0 0 1 0 1 0 0 1 0 1 0 0 1 0 0 0 0 0 0 0 0 0 1 1 1
has_gpu
0 0 0 0 0 0 1 0 1 0 0 0 1 0 0 1 0 0 0 1 1 1 0 0 0 1 0 1 0 0 1 0 0 0 1 1 0 1 1 1 0 0 0 1 0 0 0 0 0 1 1 0 0 0 0 0 1 1 0 0 1 0 1 0 0 0 0 0 0 0 0 0 1 0 0 1 0 0 0 0 0 0 0 1 0 0 0 0 0 0 1 1 1 0 0 0 0 1 0 0 0 0 1 0 0 0 0 0 0 0 1 0 1 1 0 0 0 1 0 1 0 0 1 1 1 1 1 0 0 1 0 0 1 0 0 0 1 0 1 1 0 0 0 0 1 0 1 1 0 0 0 0 0 1 1 0 1 0 1 1 1 0 0 0 0 0 0 0 0 0 1 0 1 1 1 0 0 0 0 0 0 0 0 0 1 0 1 1 0 1 0 0 0 0 0 0 1 1 0 1 1 0 0 0 1 0 0 1 1 0 1 0 0 1 1 1 0 0 1 0 1 1 0 0 0 0 1 0 0 1 1
bandwidth
1,0 167
2,0 124
3,2 68
4,2 94
5,2 94
6,1 175
7,6 77
8,5 87
9,6 93
10,1 123
11,4 130
12,2 140
14,13 118
15,13 94
16,14 145
17,13 187
18,13 52
19,15 130
20,17 130
21,17 55
22,16 72
23,21 89
24,17 88
25,14 153
27,26 182
27,35 188
27,30 79
28,26 136
28,35 83
29,26 55
30,29 98
30,26 91
31,29 112
32,27 111
32,28 95
33,28 152
33,34 89
34,26 65
35,26 173
36,26 101
37,32 94
38,27 194
39,27 111
40,26 62
40,27 185
40,37 99
42,41 190
43,41 174
44,41 67
45,44 54
45,48 198
46,45 196
47,41 55
47,50 80
48,47 59
49,43 188
50,42 122
51,41 91
52,47 155
52,53 198
53,41 83
54,47 63
56,55 167
57,56 105
58,55 65
59,57 115
60,58 162
61,58 120
62,61 137
63,64 53
64,65 101
65,66 87
66,67 158
69,68 116
70,69 115
71,69 153
72,70 119
72,68 101
73,70 140
73,68 76
74,70 123
74,73 67
75,72 118
75,70 54
76,71 193
76,69 106
77,80 158
77,79 145
78,77 181
79,77 52
80,77 87
82,81 100
83,82 125
83,87 63
84,82 85
84,81 195
85,84 125
86,83 133
86,85 68
87,82 100
88,93 128
88,94 121
89,88 131
90,88 170
91,88 145
91,94 124
92,88 182
93,90 190
94,88 156
96,95 196
97,96 99
98,95 71
99,97 80
100,99 192
101,102 94
102,103 131
104,105 172
105,104 62
106,104 81
107,106 184
107,104 152
107,105 158
108,107 97
109,105 185
109,104 156
110,108 150
112,111 149
113,111 68
114,112 149
115,111 189
116,112 168
117,112 166
118,115 103
119,117 102
120,121 162
121,120 77
122,120 168
122,121 198
123,124 185
124,125 164
125,126 104
126,127 176
129,128 167
130,128 131
131,128 111
132,130 140
133,132 128
134,133 117
135,132 134
136,134 138
137,128 119
138,134 163
139,132 107
140,139 50
141,138 70
142,138 160
144,143 186
144,145 109
145,144 192
146,143 72
147,143 188
149,148 149
149,156 99
149,151 128
150,148 50
150,151 74
151,150 90
152,151 157
153,152 79
154,150 187
154,157 95
155,151 127
155,153 120
155,150 91
156,151 193
156,149 114
156,155 82
157,156 156
157,150 65
158,159 117
159,160 181
160,161 193
162,165 142
162,164 92
163,162 66
164,162 170
165,162 170
167,166 77
168,167 66
169,167 197
170,168 188
170,169 188
171,166 123
172,167 157
173,171 75
173,174 198
174,173 165
175,170 177
176,173 57
177,171 64
178,170 195
180,179 118
181,180 111
182,179 175
183,180 91
184,183 192
185,181 193
186,180 144
187,183 110
188,180 119
189,188 185
190,189 78
191,181 82
192,187 182
194,193 155
195,194 170
196,194 85
197,195 85
198,194 186
199,195 178
200,196 182
201,195 166
202,199 183
203,201 105
204,195 165
206,205 144
206,211 120
207,206 89
208,206 176
209,207 191
210,206 188
210,209 55
211,208 85
212,211 136
213,207 137
214,210 196
215,214 97
217,216 145
217,222 157
218,217 51
219,217 70
220,218 93
221,217 110
221,220 196
222,219 192
223,222 72
224,218 59
225,221 108
226,225 86
228,227 154
229,227 91
230,227 121
latency
1,0 3
2,0 4
3,2 3
4,2 4
5,2 3
6,1 4
7,6 4
8,5 4
9,6 3
10,1 3
11,4 3
12,2 4
14,13 3
15,13 2
16,14 4
17,13 3
18,13 2
19,15 2
20,17 4
21,17 4
22,16 3
23,21 3
24,17 3
25,14 4
27,26 4
27,35 3
27,30 3
28,26 3
28,35 3
29,26 2
30,29 2
30,26 4
31,29 3
32,27 4
32,28 4
33,28 3
33,34 2
34,26 3
35,26 2
36,26 4
37,32 4
38,27 4
39,27 4
40,26 3
40,27 4
40,37 3
42,41 3
43,41 2
44,41 4
45,44 3
45,48 2
46,45 3
47,41 4
47,50 4
48,47 4
49,43 4
50,42 3
51,41 3
52,47 4
52,53 3
53,41 4
54,47 3
56,55 4
57,56 3
58,55 2
59,57 3
60,58 3
61,58 4
62,61 3
63,64 4
64,65 2
65,66 4
66,67 3
69,68 3
70,69 3
71,69 3
72,70 3
72,68 3
73,70 3
73,68 3
74,70 3
74,73 3
75,72 3
75,70 2
76,71 4
76,69 3
77,80 4
77,79 4
78,77 3
79,77 3
80,77 3
82,81 4
83,82 2
83,87 3
84,82 3
84,81 4
85,84 3
86,83 4
86,85 4
87,82 2
88,93 4
88,94 2
89,88 2
90,88 4
91,88 3
91,94 4
92,88 4
93,90 4
94,88 3
96,95 3
97,96 2
98,95 4
99,97 2
100,99 4
101,102 4
102,103 2
104,105 4
105,104 4
106,104 3
107,106 4
107,104 3
107,105 3
108,107 4
109,105 2
109,104 2
110,108 4
112,111 3
113,111 3
114,112 4
115,111 4
116,112 4
117,112 4
118,115 2
119,117 3
120,121 4
121,120 3
122,120 2
122,121 4
123,124 4
124,125 3
125,126 2
126,127 3
129,128 3
130,128 2
131,128 4
132,130 3
133,132 4
134,133 4
135,132 3
136,134 2
137,128 2
138,134 2
139,132 4
140,139 3
141,138 2
142,138 4
144,143 4
144,145 2
145,144 3
146,143 3
147,143 3
149,148 4
149,156 3
149,151 4
150,148 2
150,151 4
151,150 4
152,151 3
153,152 4
154,150 4
154,157 3
155,151 4
155,153 3
155,150 4
156,151 4
156,149 3
156,155 3
157,156 4
157,150 4
158,159 4
159,160 3
160,161 4
162,165 3
162,164 3
163,162 4
164,162 4
165,162 2
167,166 3
168,167 4
169,167 4
170,168 3
170,169 3
171,166 3
172,167 4
173,171 3
173,174 3
174,173 4
175,170 3
176,173 4
177,171 3
178,170 4
180,179 3
181,180 3
182,179 4
183,180 3
184,183 3
185,181 3
186,180 3
187,183 4
188,180 4
189,188 4
190,189 3
191,181 4
192,187 2
194,193 3
195,194 4
196,194 3
197,195 3
198,194 4
199,195 3
200,196 4
201,195 3
202,199 2
203,201 4
204,195 4
206,205 4
206,211 3
207,206 4
208,206 4
209,207 4
210,206 4
210,209 3
211,208 3
212,211 3
213,207 4
214,210 3
215,214 4
217,216 3
217,222 4
218,217 4
219,217 4
220,218 4
221,217 3
221,220 3
222,219 4
223,222 4
224,218 3
225,221 4
226,225 2
228,227 4
229,227 3
230,227 3
