core
54 177 162 438 753 200 190 17 358 445 195 155 158 73 42 125 176 471 26 187 197 222 45 888 805 192 176 101 481 188 123 25 34 36 239 40 163 506 204 59 24 67 80 115 181 227 216 125 611 438 678 761 185 209 60 40 240 692 237 7 542 119 244 421 60 244 128 107 365 25 151 99 54 81 24 57 12 147 117 784 381 695 172 218 217 133 177 839 9 49 202 10 595 111 246 12 65 5 615 120 133 408 149 115 592 242 12 144 118 152 890 125 50 10 118 749 67 182 183 243 74 430 454 159 169 22 25 40 787 105 112 404 250 203 675 140 142 11 15 492 641 158 131 94 109 61 781 66 177 149 25 375 189 496 221 66 179 205 69 202 611 213 135 88 128 15 358 44 53 49 36 246 130 84 161 139 769 524 445 222 26 535 155 753 246 7 136 29 824 113 120 14 55 212 231 102 30 353 823 226 154 5 131 47 408 80 143 88 56 194 225 236 127 883 399 69 35 182 655 363 241 18 239 51 211 176 548 207 137 246 163 654 49 155 58 20 129 410 61 45 232 83 226 669 436 194 93 126 40 190 103 832 51 45 467 13 86 205 248 579 196 15
has_camera
0 0 0 0 0 0 0 0 0 0 1 0 1 1 0 1 1 0 0 0 1 0 1 0 0 0 1 1 0 0 1 1 0 0 0 1 1 0 0 1 0 0 1 0 0 0 0 0 0 0 0 0 1 0 1 1 1 0 1 0 0 1 0 0 0 1 1 1 0 0 0 1 1 1 0 1 0 0 0 0 0 0 0 0 1 1 0 0 1 1 0 0 0 0 0 1 0 1 0 0 1 0 0 0 0 0 0 0 0 1 0 1 0 1 1 0 0 0 1 0 0 0 0 1 1 1 1 1 0 1 0 0 0 0 0 0 0 0 1 0 0 0 0 0 0 0 0 1 1 0 1 0 1 0 0 1 0 1 0 0 0 0 0 1 1 0 0 1 0 0 0 0 1 1 0 1 0 0 0 0 0 0 1 0 0 0 0 1 0 0 0 1 1 0 0 1 0 0 0 0 0 0 0 1 0 0 0 0 0 0 0 0 0 0 0 0 1 1 0 0 1 0 0 1 1 0 0 0 1 0 0 0 1 0 0 1 0 0 1 1 0 0 0 0 0 0 0 1 1 1 1 0 1 1 0 1 0 0 1 0 1 1
has_gpu
1 1 0 0 0 1 1 0 0 0 1 0 1 0 0 1 0 0 1 1 0 0 0 0 0 0 0 1 0 1 0 0 1 0 0 1 0 0 1 1 1 0 1 0 0 0 0 0 0 0 0 0 0 0 1 1 0 0 1 0 0 0 0 0 0 1 0 0 0 0 1 0 0 1 0 0 1 0 0 0 0 0 1 0 0 1 0 0 0 0 0 0 0 0 1 1 0 0 0 0 1 0 0 1 0 0 0 1 1 0 0 0 0 0 0 0 0 0 0 1 0 0 0 1 0 0 0 0 0 0 1 0 1 1 0 1 0 0 0 0 0 1 0 0 0 0 0 0 0 1 0 0 1 0 1 0 0 1 0 0 0 0 1 1 0 0 0 0 0 1 0 0 1 0 0 0 0 0 0 1 0 0 0 0 0 0 1 0 0 1 1 0 0 1 1 0 0 0 0 0 0 1 0 0 0 0 0 0 1 1 1 1 0 0 0 1 0 1 0 0 1 0 1 1 1 0 0 1 1 0 1 0 0 0 1 1 0 0 1 0 1 0 0 0 0 1 0 0 0 1 1 0 1 0 0 0 0 0 1 0 0 0
bandwidth
0,1 84
1,2 180
2,3 171
5,4 84
6,4 107
7,5 123
8,4 156
9,4 110
10,6 118
11,8 57
12,8 56
13,7 97
14,12 145
15,8 175
16,5 156
17,22 105
17,23 168
18,17 191
19,17 196
20,17 57
20,23 114
21,17 107
22,19 148
23,17 148
25,24 176
25,36 111
25,29 140
26,24 141
26,31 81
27,25 63
28,24 60
28,33 102
29,28 189
30,28 74
30,31 152
31,27 73
32,31 147
33,31 146
33,34 198
34,30 90
35,33 62
36,30 53
36,28 118
37,24 172
38,26 192
38,25 181
38,28 144
39,40 103
40,41 120
41,42 192
42,43 142
43,44 165
44,45 75
45,46 132
46,47 165
47,48 169
48,49 163
51,50 131
52,51 103
53,51 79
54,53 85
55,53 141
56,52 61
58,57 158
59,58 175
61,60 96
62,60 78
63,60 121
64,62 109
65,63 97
66,63 198
67,61 151
68,60 160
69,65 179
70,68 171
71,63 83
72,70 78
73,62 69
74,70 112
75,76 156
76,77 164
77,78 110
78,79 80
81,80 190
82,81 127
83,81 162
84,82 167
85,82 148
86,83 69
87,81 88
88,86 200
89,84 163
90,85 105
91,89 166
93,92 126
94,93 138
95,94 157
95,97 60
95,92 92
96,94 105
97,95 50
97,94 61
98,92 127
98,102 56
98,96 102
99,93 121
100,94 104
100,99 97
101,92 90
101,95 96
102,99 111
102,100 111
103,98 93
103,100 117
105,104 176
106,105 135
106,114 78
107,104 74
107,113 58
108,107 70
108,110 161
109,104 102
110,104 199
111,110 119
112,111 59
112,110 80
113,108 129
114,110 96
114,104 127
115,120 137
115,121 176
116,115 158
117,115 88
118,115 102
118,121 87
119,115 92
120,117 93
121,115 182
123,122 61
124,123 170
125,124 50
125,127 135
125,122 89
126,124 95
127,125 95
127,124 106
128,122 63
128,132 157
128,126 69
129,123 182
130,124 52
130,129 130
131,122 135
131,125 63
132,129 163
132,130 101
133,128 71
133,130 191
135,134 177
136,134 78
137,135 145
138,137 136
140,139 180
141,140 77
142,141 179
143,141 197
144,142 163
145,144 75
146,140 176
147,145 158
148,141 193
149,146 117
150,144 148
152,151 62
152,159 134
152,157 78
152,155 174
152,156 180
153,151 57
153,154 92
154,152 91
155,154 138
155,152 68
156,153 61
157,152 118
157,159 156
158,156 144
158,152 103
159,152 193
159,156 69
161,160 192
162,161 163
163,160 78
164,163 94
165,164 70
166,160 108
167,164 189
168,169 145
169,170 152
170,171 111
171,172 131
172,173 138
173,174 89
174,175 118
175,176 59
176,177 156
178,180 144
179,178 123
179,180 77
180,179 143
181,182 150
182,181 93
183,181 180
184,183 136
184,181 99
184,182 89
185,184 68
186,182 192
186,181 172
187,185 198
189,188 166
190,188 72
191,189 187
192,191 144
193,188 109
194,193 121
195,190 197
196,195 177
197,188 61
199,198 155
199,200 65
199,203 106
200,198 116
200,202 125
200,201 105
201,200 50
202,198 60
203,201 160
205,204 65
206,205 114
207,204 135
208,206 51
209,206 159
210,204 127
211,207 112
212,204 179
213,204 121
214,204 59
215,209 85
216,208 178
217,212 199
219,218 153
219,222 79
219,221 160
220,219 50
221,220 158
221,219 112
222,220 81
223,221 134
223,225 194
223,220 117
224,219 69
224,225 164
225,220 161
225,223 99
227,226 156
227,234 155
228,226 54
229,228 191
229,230 61
230,228 114
231,226 183
232,229 59
232,227 50
232,236 90
233,228 141
234,232 135
235,232 130
236,233 195
237,226 66
238,239 180
239,240 166
240,241 163
241,242 118
242,243 77
244,245 125
245,244 58
246,244 67
246,254 180
247,245 107
248,247 183
248,246 50
249,245 98
250,244 96
250,256 132
251,244 200
252,247 144
253,248 84
254,244 181
254,246 170
255,247 105
255,246 96
256,247 92
256,249 195
256,250 161
257,247 120
258,245 116
258,250 103
259,261 75
259,260 54
260,259 96
261,260 166
latency
0,1 4
1,2 3
2,3 3
5,4 4
6,4 3
7,5 3
8,4 3
9,4 4
10,6 4
11,8 4
12,8 3
13,7 4
14,12 2
15,8 4
16,5 4
17,22 3
17,23 2
18,17 4
19,17 3
20,17 3
20,23 2
21,17 3
22,19 2
23,17 3
25,24 4
25,36 4
25,29 4
26,24 4
26,31 4
27,25 4
28,24 4
28,33 3
29,28 3
30,28 3
30,31 4
31,27 3
32,31 3
33,31 4
33,34 4
34,30 4
35,33 4
36,30 4
36,28 2
37,24 4
38,26 3
38,25 3
38,28 3
39,40 3
40,41 3
41,42 4
42,43 4
43,44 3
44,45 3
45,46 3
46,47 3
47,48 2
48,49 2
51,50 4
52,51 4
53,51 4
54,53 4
55,53 2
56,52 3
58,57 4
59,58 4
61,60 4
62,60 3
63,60 4
64,62 2
65,63 4
66,63 4
67,61 4
68,60 4
69,65 4
70,68 4
71,63 2
72,70 2
73,62 4
74,70 3
75,76 3
76,77 3
77,78 4
78,79 3
81,80 4
82,81 3
83,81 3
84,82 3
85,82 2
86,83 2
87,81 3
88,86 4
89,84 4
90,85 4
91,89 3
93,92 2
94,93 4
95,94 4
95,97 3
95,92 2
96,94 3
97,95 4
97,94 4
98,92 4
98,102 2
98,96 2
99,93 2
100,94 4
100,99 3
101,92 4
101,95 3
102,99 3
102,100 3
103,98 3
103,100 3
105,104 4
106,105 3
106,114 2
107,104 4
107,113 2
108,107 2
108,110 4
109,104 4
110,104 3
111,110 3
112,111 4
112,110 3
113,108 2
114,110 4
114,104 4
115,120 4
115,121 4
116,115 3
117,115 4
118,115 3
118,121 4
119,115 4
120,117 3
121,115 3
123,122 4
124,123 3
125,124 4
125,127 3
125,122 3
126,124 2
127,125 2
127,124 4
128,122 3
128,132 2
128,126 2
129,123 3
130,124 4
130,129 4
131,122 3
131,125 4
132,129 3
132,130 3
133,128 3
133,130 2
135,134 4
136,134 4
137,135 3
138,137 4
140,139 4
141,140 2
142,141 4
143,141 3
144,142 3
145,144 4
146,140 4
147,145 2
148,141 2
149,146 3
150,144 4
152,151 4
152,159 4
152,157 3
152,155 2
152,156 3
153,151 2
153,154 3
154,152 4
155,154 2
155,152 4
156,153 4
157,152 4
157,159 4
158,156 4
158,152 3
159,152 3
159,156 4
161,160 3
162,161 4
163,160 4
164,163 2
165,164 4
166,160 3
167,164 2
168,169 3
169,170 3
170,171 4
171,172 4
172,173 4
173,174 3
174,175 4
175,176 4
176,177 4
178,180 2
179,178 3
179,180 4
180,179 2
181,182 3
182,181 3
183,181 3
184,183 4
184,181 4
184,182 4
185,184 3
186,182 3
186,181 3
187,185 2
189,188 2
190,188 4
191,189 3
192,191 3
193,188 3
194,193 3
195,190 3
196,195 3
197,188 4
199,198 4
199,200 4
199,203 4
200,198 4
200,202 3
200,201 3
201,200 3
202,198 3
203,201 2
205,204 3
206,205 3
207,204 3
208,206 3
209,206 4
210,204 4
211,207 4
212,204 3
213,204 2
214,204 3
215,209 4
216,208 4
217,212 4
219,218 4
219,222 3
219,221 2
220,219 3
221,220 2
221,219 4
222,220 3
223,221 3
223,225 3
223,220 3
224,219 4
224,225 4
225,220 2
225,223 4
227,226 3
227,234 3
228,226 4
229,228 3
229,230 2
230,228 4
231,226 3
232,229 4
232,227 4
232,236 2
233,228 3
234,232 4
235,232 3
236,233 2
237,226 3
238,239 4
239,240 4
240,241 4
241,242 4
242,243 3
244,245 3
245,244 3
246,244 4
246,254 3
247,245 3
248,247 2
248,246 4
249,245 4
250,244 4
250,256 3
251,244 3
252,247 3
253,248 4
254,244 4
254,246 3
255,247 4
255,246 4
256,247 4
256,249 4
256,250 3
257,247 4
258,245 3
258,250 4
259,261 3
259,260 3
260,259 4
261,260 4
