core
751 155 55 822 167 178 240 751 199 143 48 46 70 145 35 184 891 229 409 136 154 115 206 31 121 93 74 173 8 842 541 68 81 435 120 185 152 21 120 39 241 179 149 862 519 193 34 616 249 22 201 189 205 497 85 12 47 52 65 156 154 198 176 108 90 88 241 429 372 660 535 361 591 106 239 120 90 246 81 61 112 47 41 680 240 178 46 207 7 649 832 212 142 35 433 179 201 235 38 39 218 644 192 55 169 131 105 613 184 36 30 197 854 736 100 190 30 209 99 56 154 197 25 829 758 176 197 58 864 185 123 162 65 139 85 60 686 216 188 157 21 770 192 26 41 21 49 221 105 128 163 244 127 685 385 782 626 237 242 37 743 7 154 230 806 116 145 176 14 867 21 163 849 223 131 184 34 186 167 186 105 698 718 66 28 248 715 217 118 191 26 140 32 70 539 141 436 132 169 84 123 23 664 40 606 184 197 808 35 222 190 58 715 217 118 191 26 140 32 70 539 141 494 142 124 6 43 864 155 164 247 703 6 244 48 168 412 166 205 124 172 679 44 125 13 8 178 611 393 181 169 25 644 63 154 87 58 70 235 245 190 231 156 801 683 496 42 35 146 100 533 110 151 198 169 38 184 208 53 183 49 599 864 22 81 662 168 15 52 146 148 182 43 524 166
has_camera
0 0 0 0 0 0 0 0 0 1 1 1 1 0 1 1 0 0 0 0 1 0 0 0 0 0 1 0 0 0 0 0 1 0 0 1 0 1 1 1 1 1 0 0 0 0 0 0 0 0 1 0 0 0 1 1 0 1 1 0 1 0 1 1 1 0 1 0 0 0 0 0 0 0 0 0 0 0 0 1 0 0 1 0 1 1 1 0 1 0 0 1 1 0 0 1 0 0 0 0 1 0 0 1 0 1 0 0 0 0 1 0 0 0 0 0 1 1 0 0 0 0 1 0 0 0 0 1 0 1 0 1 0 0 1 1 0 0 0 0 0 0 1 0 0 0 0 1 0 0 1 0 0 0 0 0 0 1 1 1 0 0 0 0 0 0 0 0 0 0 1 0 0 1 0 1 0 0 1 1 0 0 0 1 1 0 0 0 1 0 1 1 0 0 0 0 0 0 1 0 0 0 0 0 0 0 1 0 1 0 0 1 0 0 1 0 1 1 0 0 0 0 0 1 0 1 1 0 1 0 0 0 1 1 1 0 0 1 1 0 0 0 0 1 1 0 1 0 0 0 0 0 0 0 1 0 0 0 0 0 0 0 0 0 0 0 1 1 0 0 0 1 1 0 1 1 0 0 1 0 0 0 0 0 0 0 0 0 0 1 1 0 1 0 1
has_gpu
0 1 1 0 1 1 1 0 0 1 1 0 0 0 0 0 0 1 0 0 0 0 1 0 0 0 0 1 0 0 0 0 1 0 1 0 1 0 1 0 1 0 1 0 0 1 0 0 0 0 1 0 1 0 0 0 1 0 1 1 0 0 1 0 1 0 1 0 0 0 0 0 0 0 0 0 0 0 1 0 0 1 0 0 1 0 1 1 0 0 0 0 1 1 0 1 1 0 0 0 1 0 1 1 0 0 1 0 1 0 1 1 0 0 1 0 0 1 0 0 1 0 1 0 0 0 1 0 0 1 1 1 0 0 0 1 0 1 1 0 1 0 0 1 1 1 0 1 1 0 0 0 0 0 0 0 0 0 0 1 0 0 1 1 0 1 1 1 0 0 1 1 0 1 0 1 0 1 0 0 0 0 0 0 1 1 0 1 0 1 0 0 0 0 0 0 0 1 0 0 1 1 0 0 0 1 1 0 0 1 0 1 0 1 0 1 0 0 0 0 0 0 0 1 1 1 1 0 1 1 1 0 0 0 1 1 0 1 1 1 1 0 1 1 1 0 0 0 0 0 0 0 0 1 1 1 0 0 0 1 0 0 1 0 0 0 1 0 0 0 0 0 0 0 1 0 0 0 1 0 0 0 0 0 0 0 0 0 0 1 0 0 1 0 1
bandwidth
0,2 161
1,0 184
1,2 136
2,1 86
4,3 182
4,15 104
4,8 52
5,3 159
5,10 72
6,4 118
7,3 197
7,12 194
8,7 153
9,7 123
9,10 65
10,6 143
11,10 86
12,10 136
12,13 122
13,9 124
14,12 166
15,9 115
15,7 113
16,3 147
17,5 109
17,4 163
17,7 142
19,18 79
20,18 75
21,19 141
22,18 162
23,21 132
24,21 99
25,22 134
26,24 89
27,21 106
28,27 99
29,18 76
30,18 183
31,28 157
32,29 95
34,33 52
35,33 131
36,33 88
37,34 87
38,33 151
39,38 128
39,46 107
40,34 65
41,38 129
42,36 127
43,33 102
44,33 50
45,44 168
45,43 72
46,39 60
48,47 156
48,55 180
48,52 169
49,48 191
50,47 82
50,55 68
51,50 159
51,55 155
52,47 179
53,47 81
54,53 166
55,54 148
55,48 151
55,47 56
56,57 158
57,58 50
58,59 107
59,60 152
60,61 138
61,62 85
62,63 56
63,64 77
64,65 176
65,66 81
66,67 132
67,68 53
68,69 77
71,70 78
72,70 183
73,72 129
74,73 162
75,73 95
76,72 79
77,72 103
78,75 122
79,78 166
80,75 109
81,80 131
82,78 122
84,83 159
84,85 118
84,88 124
85,83 189
85,87 84
85,86 140
86,85 188
87,83 55
88,86 89
90,89 155
91,90 170
92,90 85
93,91 85
94,90 186
95,91 178
96,92 182
97,91 166
98,95 183
99,97 105
100,91 165
102,101 143
103,102 147
103,111 180
104,101 66
104,110 59
105,104 68
105,107 176
106,101 62
107,101 68
108,107 170
109,108 199
109,107 86
110,105 82
111,107 117
111,101 177
113,112 111
113,118 80
114,113 83
115,113 66
116,114 91
117,113 138
117,116 189
118,115 142
119,118 106
120,114 137
121,117 138
122,121 197
124,123 61
125,124 112
126,124 71
127,125 125
127,126 166
128,123 111
129,124 98
130,128 92
130,131 75
131,130 98
132,127 99
133,130 76
134,128 162
135,127 137
137,136 121
138,136 68
139,138 93
140,139 199
141,136 124
142,141 175
143,139 165
144,145 200
145,146 108
146,147 66
147,148 200
148,149 155
149,150 111
150,151 137
151,152 176
152,153 83
153,154 199
154,155 142
156,158 152
157,156 146
158,156 62
159,157 200
160,156 173
160,162 196
160,157 156
161,160 98
162,158 198
163,157 162
164,168 158
165,164 52
166,164 199
167,166 85
168,167 174
169,164 191
170,167 87
170,171 160
171,166 146
171,167 92
171,169 183
173,172 171
174,173 89
175,172 77
176,174 134
177,174 156
178,172 121
179,175 126
180,172 128
181,172 156
182,172 128
183,177 100
184,176 153
185,180 115
186,191 77
186,194 53
187,186 89
187,193 109
188,186 97
188,192 180
189,186 200
189,190 88
190,188 143
191,186 184
192,187 178
192,190 79
193,191 114
194,186 138
195,194 143
195,187 64
195,189 172
197,196 151
198,196 50
199,196 69
200,199 91
201,200 161
202,196 150
203,200 92
205,204 167
206,205 105
207,204 65
208,206 115
209,207 162
210,207 120
211,210 137
212,217 77
212,220 53
213,212 89
213,219 109
214,212 97
214,218 180
215,212 200
215,216 88
216,214 143
217,212 184
218,213 178
218,216 79
219,217 114
220,212 138
221,220 143
221,213 64
221,215 172
223,222 129
224,222 58
225,223 179
226,223 171
228,227 52
229,228 85
230,228 196
231,227 99
232,230 106
233,228 162
234,233 162
235,229 156
237,236 172
237,244 173
238,236 147
239,238 151
239,240 71
240,238 153
241,236 132
242,239 55
242,237 112
242,246 107
243,238 65
244,242 94
245,242 137
246,243 188
247,236 113
248,250 174
249,248 56
250,248 50
251,249 80
252,248 171
252,254 116
252,249 173
253,252 134
254,250 61
255,249 69
256,257 182
257,258 141
258,259 97
259,260 158
260,261 81
261,262 124
262,263 154
263,264 103
266,265 131
267,265 136
268,265 139
269,265 82
271,270 129
272,270 145
273,271 109
274,270 123
275,273 186
276,273 170
277,274 87
278,276 152
279,273 174
280,279 135
281,270 184
282,270 122
283,280 118
284,281 153
285,292 163
286,285 54
286,287 178
287,286 187
288,287 161
288,292 173
289,285 96
289,286 119
290,285 145
290,286 145
291,290 181
291,287 200
292,287 157
292,285 160
293,285 180
294,286 77
294,290 105
latency
0,2 4
1,0 3
1,2 4
2,1 2
4,3 3
4,15 3
4,8 4
5,3 4
5,10 4
6,4 2
7,3 4
7,12 4
8,7 3
9,7 3
9,10 4
10,6 3
11,10 4
12,10 3
12,13 3
13,9 3
14,12 3
15,9 2
15,7 4
16,3 2
17,5 4
17,4 3
17,7 3
19,18 3
20,18 4
21,19 4
22,18 4
23,21 3
24,21 3
25,22 3
26,24 4
27,21 3
28,27 2
29,18 3
30,18 2
31,28 4
32,29 4
34,33 4
35,33 4
36,33 4
37,34 3
38,33 2
39,38 4
39,46 3
40,34 3
41,38 4
42,36 3
43,33 2
44,33 3
45,44 4
45,43 4
46,39 2
48,47 4
48,55 4
48,52 3
49,48 3
50,47 4
50,55 3
51,50 3
51,55 3
52,47 3
53,47 3
54,53 4
55,54 3
55,48 3
55,47 4
56,57 3
57,58 4
58,59 2
59,60 3
60,61 4
61,62 4
62,63 4
63,64 3
64,65 3
65,66 3
66,67 2
67,68 2
68,69 3
71,70 3
72,70 3
73,72 3
74,73 3
75,73 3
76,72 4
77,72 4
78,75 4
79,78 3
80,75 4
81,80 4
82,78 3
84,83 4
84,85 2
84,88 4
85,83 4
85,87 4
85,86 3
86,85 2
87,83 4
88,86 4
90,89 3
91,90 4
92,90 3
93,91 3
94,90 4
95,91 3
96,92 4
97,91 3
98,95 2
99,97 4
100,91 4
102,101 3
103,102 3
103,111 2
104,101 4
104,110 3
105,104 3
105,107 4
106,101 4
107,101 4
108,107 3
109,108 3
109,107 4
110,105 3
111,107 3
111,101 4
113,112 2
113,118 3
114,113 3
115,113 3
116,114 3
117,113 4
117,116 4
118,115 4
119,118 3
120,114 4
121,117 4
122,121 3
124,123 3
125,124 4
126,124 2
127,125 4
127,126 3
128,123 3
129,124 4
130,128 3
130,131 3
131,130 4
132,127 3
133,130 3
134,128 3
135,127 3
137,136 4
138,136 3
139,138 4
140,139 2
141,136 2
142,141 4
143,139 3
144,145 3
145,146 3
146,147 3
147,148 3
148,149 2
149,150 4
150,151 3
151,152 4
152,153 3
153,154 3
154,155 3
156,158 4
157,156 4
158,156 2
159,157 2
160,156 3
160,162 4
160,157 4
161,160 4
162,158 4
163,157 4
164,168 2
165,164 2
166,164 2
167,166 3
168,167 4
169,164 2
170,167 3
170,171 3
171,166 4
171,167 2
171,169 4
173,172 3
174,173 3
175,172 4
176,174 3
177,174 4
178,172 4
179,175 4
180,172 3
181,172 3
182,172 4
183,177 4
184,176 3
185,180 2
186,191 3
186,194 3
187,186 3
187,193 2
188,186 2
188,192 3
189,186 4
189,190 4
190,188 4
191,186 3
192,187 3
192,190 4
193,191 4
194,186 3
195,194 4
195,187 2
195,189 4
197,196 4
198,196 3
199,196 4
200,199 3
201,200 3
202,196 4
203,200 3
205,204 4
206,205 3
207,204 2
208,206 3
209,207 3
210,207 4
211,210 3
212,217 3
212,220 3
213,212 3
213,219 2
214,212 2
214,218 3
215,212 4
215,216 4
216,214 4
217,212 3
218,213 3
218,216 4
219,217 4
220,212 3
221,220 4
221,213 2
221,215 4
223,222 3
224,222 3
225,223 4
226,223 4
228,227 4
229,228 3
230,228 4
231,227 4
232,230 3
233,228 3
234,233 4
235,229 4
237,236 4
237,244 4
238,236 2
239,238 3
239,240 4
240,238 2
241,236 3
242,239 2
242,237 2
242,246 3
243,238 3
244,242 4
245,242 4
246,243 4
247,236 3
248,250 2
249,248 3
250,248 4
251,249 3
252,248 2
252,254 4
252,249 4
253,252 4
254,250 4
255,249 2
256,257 4
257,258 4
258,259 3
259,260 2
260,261 4
261,262 4
262,263 4
263,264 3
266,265 3
267,265 3
268,265 4
269,265 3
271,270 2
272,270 4
273,271 3
274,270 3
275,273 3
276,273 4
277,274 4
278,276 3
279,273 4
280,279 4
281,270 2
282,270 3
283,280 3
284,281 4
285,292 4
286,285 2
286,287 3
287,286 3
288,287 2
288,292 4
289,285 4
289,286 4
290,285 2
290,286 3
291,290 4
291,287 3
292,287 4
292,285 4
293,285 3
294,286 3
294,290 4
