core
8 61 47 8 222 97 129 97 117 129 188 190 547 529 435 521 148 240 167 720 185 155 25 64 38 112 16 244 492 210 848 179 226 240 47 704 113 27 374 117 94 161 51 572 220 16 170 671 86 13 101 749 67 182 183 243 74 430 849 223 131 184 34 186 167 186 105 698 718 66 28 248 381 642 218 188 9 566 141 180 82 41 19 180 644 220 139 122 589 226 111 49 735 66 137 47 81 180 696 545 216 112 153 120 22 625 149 54 172 7 164 551 369 219 210 36 432 217 122 146 12 174 168 9 397 87 235 62 52 54 177 162 438 36 31 173 192 95 678 771 694 33 56 119 230 575 86 84 59 168 56 696 125 202 144 405 36 8 393 181 169 25 644 63 154 87 350 707 172 183 48 82 11 428 198 31 103 218 23 131 735 201 61 742 400 685 157 120 82 163 36 5 7 135 95 534 50 140 86 874 193 358 121 36 16 212 145 212 164 20 616 249 22 201 189 205 497 85 12 454 18 207 26 6 199 167 149 458 551 435 171 187 27 459 148 201 225 43 29 240 47 52 65 156 154 198 176 108 90 88 241 429 372 660 591 118 792 147 57 55 227 136 234 9 694 33 56 119 230
has_camera
1 1 0 1 0 0 1 1 0 0 0 0 0 0 0 0 0 0 0 0 0 0 0 0 1 0 0 1 0 0 0 1 1 0 0 0 1 0 0 0 1 0 1 0 0 1 0 0 0 1 0 0 0 0 1 0 0 0 0 1 0 1 0 0 1 1 0 0 0 1 1 0 0 0 0 0 0 0 1 1 0 1 1 0 0 0 0 1 0 0 0 1 0 1 1 1 0 0 0 0 1 0 1 0 0 0 0 1 0 1 0 0 0 1 0 0 0 0 1 1 1 1 0 1 0 0 1 0 0 0 0 0 0 1 0 0 0 1 0 0 0 0 0 0 0 0 1 1 0 1 1 0 1 0 0 0 1 1 0 0 0 0 0 0 1 0 0 0 0 0 0 1 0 0 0 1 0 0 0 1 0 1 1 0 0 0 0 1 0 0 1 1 1 1 0 0 0 1 1 0 0 0 0 0 1 0 0 1 0 0 0 0 0 1 0 0 0 1 1 0 1 0 1 1 1 1 0 0 0 0 0 0 1 0 0 0 0 1 0 0 0 1 1 0 1 0 1 1 1 0 1 0 0 0 0 0 0 0 0 0 1 0 1 0 0 0 0 0 0
has_gpu
0 0 0 0 0 0 1 0 0 0 1 0 0 0 0 0 0 0 1 0 1 0 0 0 0 0 0 0 0 1 0 0 0 0 1 0 0 0 0 0 1 1 1 0 1 1 1 0 1 1 0 0 0 0 0 1 0 0 0 1 0 1 0 1 0 0 0 0 0 0 1 1 0 0 0 1 0 0 1 1 0 0 1 1 0 0 1 0 0 1 0 0 0 0 1 0 0 1 0 0 0 1 0 0 0 0 0 0 1 0 1 0 0 0 1 0 0 0 0 1 0 1 0 0 0 1 1 0 1 1 1 0 0 1 0 1 1 0 0 0 0 0 0 0 1 0 0 0 0 0 0 0 0 0 0 0 0 1 0 0 0 0 0 1 1 1 0 0 0 1 0 1 0 0 0 0 1 1 1 1 0 0 0 0 0 0 0 0 0 1 1 1 0 1 1 0 0 0 0 0 1 0 0 0 1 0 1 0 0 0 0 0 0 1 0 1 0 0 0 0 1 1 0 0 1 0 1 0 0 0 0 0 1 0 1 0 0 0 0 0 1 0 1 1 0 0 1 0 1 0 1 0 0 0 0 1 0 0 0 0 1 1 0 1 0 0 0 0 1
bandwidth
0,1 98
1,2 150
2,3 99
3,4 105
4,5 77
5,6 99
6,7 93
7,8 185
8,9 185
9,10 114
10,11 162
11,12 105
12,13 135
13,14 62
16,15 120
16,27 109
16,20 195
17,15 165
17,22 149
18,16 56
19,15 145
19,24 159
20,19 192
21,19 113
21,22 149
22,18 157
23,22 139
24,22 76
24,25 176
25,21 192
26,24 120
27,21 133
27,19 108
28,15 57
29,17 118
29,16 54
29,19 181
31,30 131
32,30 81
33,32 159
34,33 100
35,30 183
36,35 152
37,33 142
39,38 90
40,39 79
41,39 107
41,43 189
41,50 56
42,40 147
43,38 97
43,39 154
44,43 189
45,40 119
46,44 95
47,38 101
48,47 105
48,40 179
49,46 75
49,38 81
50,41 162
51,56 137
51,57 176
52,51 158
53,51 88
54,51 102
54,57 87
55,51 92
56,53 93
57,51 182
59,58 171
60,59 89
61,58 77
62,60 134
63,60 156
64,58 121
65,61 126
66,58 128
67,58 156
68,58 128
69,63 100
70,62 153
71,66 115
73,72 197
74,73 73
75,73 139
76,74 111
77,73 133
78,74 194
79,75 176
80,74 57
81,78 76
82,80 118
83,74 130
85,84 105
86,85 176
87,86 175
88,84 78
89,86 80
90,88 197
91,87 69
92,84 57
93,87 166
94,85 58
95,91 116
96,88 52
97,94 193
99,98 120
100,99 105
101,100 73
102,100 142
103,99 149
104,101 178
104,99 197
105,98 152
106,100 167
107,101 148
108,102 79
109,107 137
109,106 158
110,102 124
112,111 64
113,112 179
114,112 80
115,113 166
115,114 52
116,111 193
117,112 194
118,116 196
118,119 84
119,118 87
120,115 155
121,118 72
122,116 164
123,115 93
125,124 68
126,124 58
127,126 75
128,126 82
129,130 84
130,131 180
131,132 171
133,134 168
134,135 108
135,136 177
136,137 58
137,138 96
138,139 198
141,140 70
141,142 114
142,141 142
143,140 68
144,140 114
146,145 141
146,147 54
146,150 78
147,145 177
147,149 117
147,148 140
148,147 174
149,145 85
150,148 125
152,151 108
153,151 142
154,151 92
155,151 111
156,155 78
157,152 68
158,160 174
159,158 56
160,158 50
161,159 80
162,158 171
162,164 116
162,159 173
163,162 134
164,160 61
165,159 69
167,166 151
168,167 131
169,168 182
170,169 160
171,167 138
172,170 79
174,173 85
174,181 193
175,174 50
175,177 121
175,181 168
176,173 105
177,173 67
178,176 138
179,173 140
179,180 137
180,173 159
180,176 73
181,180 90
181,174 180
182,175 122
184,183 76
185,183 51
186,185 103
187,184 185
188,185 181
189,184 150
189,186 126
190,189 71
190,183 148
191,186 119
192,190 116
192,193 55
192,183 133
193,188 154
193,192 190
193,186 89
194,188 90
195,198 142
195,197 92
196,195 66
197,195 170
198,195 170
199,206 74
199,200 139
199,207 95
200,199 98
200,204 115
200,209 52
201,199 72
201,209 126
202,201 196
203,202 146
204,202 93
204,199 142
205,200 50
205,204 179
206,201 154
207,201 93
207,209 144
207,199 53
208,206 182
209,203 95
211,210 156
211,218 180
211,215 169
212,211 191
213,210 82
213,218 68
214,213 159
214,218 155
215,210 179
216,210 81
217,216 166
218,217 148
218,211 151
218,210 56
220,219 65
221,219 193
222,223 120
223,224 184
224,225 52
225,226 134
226,227 61
229,228 161
230,229 63
231,229 122
232,230 187
233,229 59
234,230 119
235,231 95
236,230 53
237,234 68
238,236 122
239,230 198
240,241 158
241,242 50
242,243 107
243,244 152
244,245 138
245,246 85
246,247 56
247,248 77
248,249 176
249,250 81
250,251 132
251,252 53
252,253 77
255,254 114
255,262 147
255,257 119
256,254 72
256,257 109
257,256 171
258,257 71
259,258 188
260,256 105
260,263 145
261,257 184
261,259 70
261,256 141
262,257 51
262,255 150
262,261 130
263,262 81
263,256 60
265,264 70
265,266 114
266,265 142
267,264 68
268,264 114
latency
0,1 4
1,2 3
2,3 3
3,4 3
4,5 3
5,6 4
6,7 4
7,8 4
8,9 4
9,10 3
10,11 3
11,12 3
12,13 4
13,14 3
16,15 4
16,27 3
16,20 4
17,15 4
17,22 3
18,16 3
19,15 3
19,24 3
20,19 4
21,19 2
21,22 4
22,18 3
23,22 4
24,22 4
24,25 2
25,21 3
26,24 2
27,21 3
27,19 3
28,15 4
29,17 3
29,16 3
29,19 4
31,30 2
32,30 3
33,32 4
34,33 4
35,30 3
36,35 4
37,33 3
39,38 4
40,39 4
41,39 3
41,43 3
41,50 3
42,40 2
43,38 4
43,39 4
44,43 3
45,40 4
46,44 4
47,38 4
48,47 4
48,40 4
49,46 3
49,38 4
50,41 3
51,56 4
51,57 4
52,51 3
53,51 4
54,51 3
54,57 4
55,51 4
56,53 3
57,51 3
59,58 3
60,59 3
61,58 4
62,60 3
63,60 4
64,58 4
65,61 4
66,58 3
67,58 3
68,58 4
69,63 4
70,62 3
71,66 2
73,72 2
74,73 4
75,73 2
76,74 4
77,73 4
78,74 3
79,75 3
80,74 3
81,78 3
82,80 4
83,74 3
85,84 4
86,85 4
87,86 3
88,84 4
89,86 2
90,88 3
91,87 2
92,84 2
93,87 3
94,85 3
95,91 4
96,88 3
97,94 3
99,98 3
100,99 2
101,100 3
102,100 2
103,99 4
104,101 3
104,99 2
105,98 3
106,100 2
107,101 3
108,102 3
109,107 3
109,106 3
110,102 4
112,111 3
113,112 4
114,112 4
115,113 4
115,114 4
116,111 3
117,112 3
118,116 3
118,119 3
119,118 2
120,115 4
121,118 2
122,116 3
123,115 4
125,124 4
126,124 4
127,126 4
128,126 3
129,130 4
130,131 3
131,132 3
133,134 4
134,135 3
135,136 3
136,137 4
137,138 3
138,139 3
141,140 3
141,142 3
142,141 3
143,140 3
144,140 3
146,145 3
146,147 3
146,150 3
147,145 3
147,149 4
147,148 4
148,147 4
149,145 4
150,148 4
152,151 4
153,151 3
154,151 3
155,151 2
156,155 3
157,152 2
158,160 2
159,158 3
160,158 4
161,159 3
162,158 2
162,164 4
162,159 4
163,162 4
164,160 4
165,159 2
167,166 2
168,167 4
169,168 3
170,169 3
171,167 4
172,170 3
174,173 2
174,181 3
175,174 4
175,177 2
175,181 3
176,173 3
177,173 3
178,176 4
179,173 3
179,180 3
180,173 3
180,176 3
181,180 2
181,174 3
182,175 3
184,183 2
185,183 4
186,185 3
187,184 3
188,185 3
189,184 2
189,186 3
190,189 4
190,183 4
191,186 3
192,190 2
192,193 4
192,183 3
193,188 3
193,192 2
193,186 3
194,188 3
195,198 3
195,197 3
196,195 4
197,195 4
198,195 2
199,206 2
199,200 3
199,207 4
200,199 3
200,204 4
200,209 3
201,199 3
201,209 4
202,201 3
203,202 2
204,202 3
204,199 4
205,200 3
205,204 4
206,201 3
207,201 2
207,209 3
207,199 3
208,206 4
209,203 4
211,210 4
211,218 4
211,215 3
212,211 3
213,210 4
213,218 3
214,213 3
214,218 3
215,210 3
216,210 3
217,216 4
218,217 3
218,211 3
218,210 4
220,219 4
221,219 4
222,223 2
223,224 3
224,225 3
225,226 4
226,227 4
229,228 2
230,229 3
231,229 2
232,230 2
233,229 4
234,230 2
235,231 2
236,230 4
237,234 3
238,236 3
239,230 4
240,241 3
241,242 4
242,243 2
243,244 3
244,245 4
245,246 4
246,247 4
247,248 3
248,249 3
249,250 3
250,251 2
251,252 2
252,253 3
255,254 3
255,262 3
255,257 4
256,254 4
256,257 3
257,256 4
258,257 3
259,258 3
260,256 3
260,263 4
261,257 3
261,259 4
261,256 3
262,257 3
262,255 3
262,261 3
263,262 4
263,256 3
265,264 3
265,266 3
266,265 3
267,264 3
268,264 3
