core
31 9 197 146 85 149 123 490 354 41 21 49 221 105 128 163 244 127 685 385 782 572 139 85 184 54 190 68 53 829 86 36 31 173 192 95 678 771 715 392 137 245 34 53 91 726 229 186 37 127 244 37 95 71 169 358 770 140 120 84 69 48 549 132 129 96 95 28 104 57 771 791 31 215 118 189 50 417 190 219 190 474 236 75 145 130 72 41 730 239 180 42 125 89 40 213 67 217 447 627 155 86 182 656 124 36 181 53 670 168 201 517 200 229 208 61 41 859 158 16 155 651 372 368 192 213 83 240 243 244 46 116 69 6 578 157 111 205 29 93 131 856 74 38 674 172 65 182 117 41 48 34 165 146 248 224 168 194 109 720 678 672 364 533 673 131 125 228 240 26 46 10 107 223 794 82 166 89 55 374 140 34 132 811 168 20 104 11 239 439 515 99 128 101 53 15 34 180 174 154 668 42 80 146 397 47 97 485 492 527 141 189 22 241 113 7 94 11 239 439 42 74 43 250 222 184 167 100 248 202 683 516 870 22 5 12 129 115 130 246 107 147 111 713 664 526 769 184 72 199 195 442 147 26 123 639 189 786 105 214 194 46 102 44 6 177 814 808 629 729 165 237 138 87 225 160 24 138 61 59 806 715 225 161 74 124 112 62 232 145 14 751 155 55
has_camera
1 0 0 0 0 1 0 0 0 0 0 0 1 0 0 1 0 0 0 0 0 0 0 0 1 0 1 0 1 0 0 1 0 0 0 1 0 0 0 0 0 1 1 0 1 0 0 0 1 1 0 1 0 0 0 0 0 0 0 1 1 0 0 0 0 0 1 0 1 1 0 0 0 1 0 0 0 0 1 0 0 0 1 1 0 1 1 1 0 0 1 0 1 1 0 1 0 1 0 0 0 1 0 0 0 0 0 1 0 0 1 0 0 0 0 1 0 0 0 1 0 0 0 0 1 0 0 1 0 0 0 0 1 1 0 1 0 0 1 1 1 0 0 0 0 1 0 0 0 0 0 1 1 0 0 0 0 1 0 0 0 0 0 0 0 0 1 0 0 1 0 0 1 0 0 0 1 0 1 0 0 1 0 0 0 0 0 1 0 0 0 0 0 0 0 1 1 0 1 0 0 0 1 0 0 0 0 0 0 0 0 1 1 0 0 1 1 1 0 0 0 1 1 1 1 0 0 1 0 0 0 0 0 1 1 0 0 0 1 1 0 0 0 0 0 0 0 0 0 0 0 0 1 0 0 0 0 0 1 0 1 0 0 0 0 0 0 0 0 0 0 1 1 1 0 1 1 1 1 0 0 0 1 0 0 0 0 0 0 0 0 0 0 0
has_gpu
1 1 1 1 1 1 1 0 0 1 1 0 1 1 0 0 0 0 0 0 0 0 1 1 1 0 1 0 1 0 0 1 0 1 1 0 0 0 0 0 1 0 0 1 0 0 1 1 1 1 0 1 1 0 0 0 0 1 0 1 0 0 0 0 1 0 0 0 0 0 0 0 0 0 1 0 0 0 0 1 0 0 0 0 0 0 1 0 0 1 1 1 0 1 0 0 1 1 0 0 1 1 1 0 0 1 1 0 0 0 0 0 0 1 0 0 1 0 0 0 1 0 0 0 0 0 1 0 1 0 0 0 0 1 0 0 0 0 0 0 0 0 0 0 0 0 0 0 1 0 0 1 0 1 1 1 1 1 1 0 0 0 0 0 0 0 1 1 1 0 0 1 0 1 0 1 0 1 0 0 0 1 0 0 0 1 1 0 1 0 0 0 0 0 0 0 0 0 0 0 0 1 0 0 0 0 0 0 0 0 0 0 1 0 0 1 0 0 1 0 0 0 0 0 1 0 1 1 1 1 0 0 0 0 1 1 0 1 0 0 1 1 1 0 0 0 0 1 0 1 1 0 1 0 1 0 0 0 0 1 1 1 1 1 0 0 0 0 0 0 1 1 1 1 0 0 1 1 1 0 0 0 1 0 1 1 0 0 0 0 1 0 1 1
bandwidth
0,1 145
1,2 128
2,3 172
3,4 74
4,5 153
5,6 68
6,7 136
7,8 123
9,10 200
10,11 108
11,12 66
12,13 200
13,14 155
14,15 111
15,16 137
16,17 176
17,18 83
18,19 199
19,20 142
21,26 91
21,29 100
22,21 95
22,28 196
23,21 155
23,27 199
24,21 129
24,25 135
25,23 166
26,21 141
27,22 197
27,25 90
28,26 81
29,21 56
30,29 116
30,22 176
30,24 160
31,32 168
32,33 108
33,34 177
34,35 58
35,36 96
36,37 198
39,38 160
40,39 178
41,39 122
42,41 130
43,41 186
44,40 197
46,45 150
47,45 101
48,47 160
49,45 70
50,45 141
51,50 84
52,45 179
53,48 175
54,49 192
55,45 92
57,56 93
57,59 144
58,56 94
59,56 113
59,60 148
60,59 179
61,59 114
63,62 118
63,66 50
64,62 174
65,63 104
66,65 89
67,66 74
68,65 194
69,66 86
69,72 98
69,64 66
70,62 142
71,62 135
72,67 169
72,76 167
73,71 158
74,71 189
74,70 182
75,63 171
75,67 142
76,68 122
78,77 178
79,78 101
80,77 155
81,77 86
82,81 155
83,82 137
84,81 166
85,80 68
86,84 196
87,84 99
89,88 66
90,88 100
91,90 128
92,88 50
93,88 58
94,93 71
95,88 136
96,91 181
97,92 181
98,88 57
100,99 82
101,99 140
102,100 103
103,99 103
104,100 189
105,104 119
106,100 199
107,104 120
109,108 57
110,108 109
111,108 186
111,117 140
112,111 108
113,111 77
113,108 185
114,109 155
115,114 89
116,113 129
117,108 151
117,118 150
118,109 83
119,114 109
120,117 192
122,121 153
123,121 186
124,123 132
125,124 158
126,124 145
127,123 160
128,123 57
129,126 181
130,129 155
131,126 101
132,131 132
133,129 176
135,134 56
136,135 65
137,134 71
138,136 89
139,137 198
140,134 129
141,134 97
142,138 73
143,142 128
144,134 79
145,140 61
146,138 161
147,136 50
148,136 195
149,150 113
150,151 73
151,152 87
152,153 125
153,154 96
154,155 95
155,156 60
156,157 151
157,158 61
158,159 178
159,160 196
160,161 193
163,162 126
164,162 56
165,164 56
166,163 82
167,164 167
168,163 103
168,165 193
169,168 171
169,162 104
170,165 145
171,169 122
171,172 177
171,162 80
172,167 79
172,171 86
172,165 157
173,167 129
175,174 63
176,175 66
177,175 134
177,179 200
177,186 95
178,176 167
179,174 167
179,175 148
180,179 89
181,176 93
182,180 60
183,174 73
184,183 94
184,176 66
185,182 129
185,174 186
186,177 198
187,188 94
188,189 131
191,190 92
191,199 107
191,194 75
192,190 156
192,199 92
193,190 111
194,193 88
194,190 151
195,193 136
196,191 179
196,192 133
197,192 145
197,198 73
198,190 155
199,190 169
200,190 138
201,196 152
202,191 174
203,191 176
204,190 85
204,191 132
204,201 106
205,206 63
206,207 88
209,208 116
210,209 115
211,209 153
212,210 119
212,208 101
213,210 140
213,208 76
214,210 123
214,213 67
215,212 118
215,210 54
216,211 193
216,209 106
217,218 94
218,219 131
220,221 88
221,222 134
222,223 170
223,224 199
224,225 190
225,226 55
226,227 60
227,228 126
228,229 158
229,230 200
230,231 118
231,232 189
233,234 151
234,235 76
235,236 60
236,237 78
237,238 162
238,239 90
239,240 139
240,241 79
241,242 92
242,243 164
243,244 106
244,245 139
247,246 74
248,247 67
249,246 51
250,247 145
251,246 129
252,249 130
253,248 145
254,247 189
256,255 178
257,255 121
258,256 130
259,257 103
260,258 59
261,260 143
262,258 66
263,261 182
264,263 59
265,260 139
266,255 161
268,267 142
269,267 194
270,269 88
271,270 55
272,270 200
273,269 164
274,269 186
275,272 110
276,275 112
277,272 126
278,277 93
279,275 68
281,280 145
281,286 157
282,281 51
283,281 70
284,282 93
285,281 110
285,284 196
286,283 192
287,286 72
288,282 59
289,285 108
290,289 86
291,293 161
292,291 184
292,293 136
293,292 86
latency
0,1 4
1,2 4
2,3 2
3,4 4
4,5 3
5,6 3
6,7 4
7,8 3
9,10 3
10,11 3
11,12 3
12,13 3
13,14 2
14,15 4
15,16 3
16,17 4
17,18 3
18,19 3
19,20 3
21,26 4
21,29 2
22,21 4
22,28 4
23,21 3
23,27 4
24,21 2
24,25 2
25,23 4
26,21 2
27,22 2
27,25 2
28,26 2
29,21 4
30,29 3
30,22 3
30,24 4
31,32 4
32,33 3
33,34 3
34,35 4
35,36 3
36,37 3
39,38 4
40,39 4
41,39 3
42,41 3
43,41 3
44,40 4
46,45 4
47,45 3
48,47 2
49,45 4
50,45 4
51,50 4
52,45 3
53,48 3
54,49 4
55,45 4
57,56 2
57,59 4
58,56 4
59,56 3
59,60 3
60,59 4
61,59 4
63,62 4
63,66 3
64,62 3
65,63 3
66,65 4
67,66 3
68,65 2
69,66 3
69,72 4
69,64 4
70,62 3
71,62 3
72,67 3
72,76 4
73,71 4
74,71 3
74,70 2
75,63 4
75,67 3
76,68 3
78,77 4
79,78 4
80,77 2
81,77 4
82,81 4
83,82 3
84,81 3
85,80 4
86,84 3
87,84 3
89,88 4
90,88 3
91,90 4
92,88 2
93,88 3
94,93 3
95,88 3
96,91 3
97,92 4
98,88 2
100,99 4
101,99 4
102,100 3
103,99 4
104,100 2
105,104 2
106,100 3
107,104 3
109,108 2
110,108 4
111,108 3
111,117 4
112,111 3
113,111 4
113,108 4
114,109 4
115,114 3
116,113 4
117,108 3
117,118 4
118,109 4
119,114 3
120,117 3
122,121 4
123,121 3
124,123 3
125,124 4
126,124 2
127,123 4
128,123 3
129,126 3
130,129 4
131,126 3
132,131 3
133,129 4
135,134 4
136,135 4
137,134 4
138,136 3
139,137 4
140,134 4
141,134 4
142,138 2
143,142 4
144,134 3
145,140 3
146,138 4
147,136 3
148,136 3
149,150 2
150,151 3
151,152 4
152,153 4
153,154 4
154,155 3
155,156 4
156,157 4
157,158 4
158,159 4
159,160 3
160,161 4
163,162 4
164,162 4
165,164 3
166,163 4
167,164 2
168,163 3
168,165 3
169,168 3
169,162 4
170,165 3
171,169 3
171,172 3
171,162 4
172,167 4
172,171 3
172,165 4
173,167 3
175,174 4
176,175 2
177,175 2
177,179 3
177,186 3
178,176 3
179,174 4
179,175 3
180,179 4
181,176 3
182,180 4
183,174 4
184,183 3
184,176 3
185,182 2
185,174 4
186,177 4
187,188 4
188,189 2
191,190 2
191,199 4
191,194 3
192,190 3
192,199 3
193,190 4
194,193 3
194,190 3
195,193 3
196,191 3
196,192 3
197,192 4
197,198 3
198,190 4
199,190 3
200,190 3
201,196 3
202,191 3
203,191 3
204,190 4
204,191 4
204,201 4
205,206 4
206,207 3
209,208 3
210,209 3
211,209 3
212,210 3
212,208 3
213,210 3
213,208 3
214,210 3
214,213 3
215,212 3
215,210 2
216,211 4
216,209 3
217,218 4
218,219 2
220,221 3
221,222 3
222,223 4
223,224 4
224,225 4
225,226 3
226,227 3
227,228 3
228,229 3
229,230 4
230,231 3
231,232 4
233,234 4
234,235 2
235,236 3
236,237 3
237,238 2
238,239 3
239,240 3
240,241 3
241,242 4
242,243 3
243,244 3
244,245 2
247,246 4
248,247 4
249,246 3
250,247 4
251,246 4
252,249 2
253,248 3
254,247 3
256,255 3
257,255 2
258,256 3
259,257 3
260,258 4
261,260 3
262,258 2
263,261 4
264,263 2
265,260 2
266,255 4
268,267 4
269,267 4
270,269 4
271,270 3
272,270 4
273,269 3
274,269 3
275,272 3
276,275 2
277,272 4
278,277 3
279,275 3
281,280 3
281,286 4
282,281 4
283,281 4
284,282 4
285,281 3
285,284 3
286,283 4
287,286 4
288,282 3
289,285 4
290,289 2
291,293 4
292,291 3
292,293 4
293,292 2
