core
70 25 184 166 599 11 239 439 754 89 43 91 34 174 397 176 97 111 68 557 121 7 113 861 220 18 172 799 91 239 49 774 856 220 245 245 69 39 220 146 36 34 174 90 170 850 750 73 69 195 183 163 90 175 520 687 59 40 147 88 876 428 198 31 103 218 23 131 735 201 61 364 533 673 131 125 228 240 26 46 10 107 223 551 435 171 187 27 459 148 201 225 43 29 240 62 239 697 633 110 193 88 69 185 47 169 95 162 576 519 85 12 534 150 735 210 8 21 198 118 160 42 680 92 16 118 85 7 196 94 559 21 170 58 70 235 245 190 231 156 801 683 494 606 110 565 170 71 227 230 212 203 99 18 243 69 869 193 396 95 64 18 231 243 148 20 854 736 100 190 30 209 99 56 154 197 25 860 163 180 230 21 624 203 43 35 59 24 128 92 185 196 133 109 167 479 353 812 662 246 32 104 681 92 199 139 33 374 245 6 162 757 126 69 206 444 128 242 62 469 124 247 190 73 47 52 65 156 154 198 176 108 90 88 241 429 372 660 528 131 238 494 245 164 243 75 75 20 704 892 218 125 187 205 174 774 31 47 125 70 633 110 193 88 69 185 47 169 95 162 576 519 85 12 36 34 174 90 170 850 750
has_camera
0 1 0 0 0 1 0 0 0 1 0 0 0 1 0 1 0 0 1 0 0 0 0 0 0 0 0 0 0 0 0 0 0 1 0 1 1 0 0 1 1 0 1 0 1 0 0 0 1 0 1 0 0 0 0 0 1 0 0 0 0 0 0 1 0 0 0 1 0 1 1 0 0 0 0 1 0 0 1 0 0 1 0 0 0 0 0 1 0 0 0 0 1 0 0 0 1 0 0 0 0 0 1 1 1 1 0 1 0 0 0 0 0 1 0 1 0 1 0 0 0 0 0 1 0 1 1 0 0 0 0 0 0 0 0 0 0 0 0 0 0 0 0 0 0 0 0 1 1 0 1 0 1 1 1 0 0 1 0 0 0 0 1 0 0 1 0 0 0 0 1 1 0 0 0 0 1 0 0 0 1 1 0 1 0 1 1 1 0 0 1 1 0 0 0 0 0 0 0 0 1 1 0 0 1 1 0 0 0 1 0 0 0 1 1 0 0 0 1 0 0 0 1 0 0 1 1 0 1 0 1 1 1 0 1 0 0 0 0 0 0 0 1 0 1 0 1 1 0 0 1 1 1 0 0 0 0 0 0 1 0 0 0 0 1 1 1 1 0 1 0 0 0 0 1 0 1 0 1 0 0
has_gpu
1 1 1 1 0 0 1 0 0 1 0 1 0 1 0 1 0 1 1 0 0 1 1 0 0 0 1 0 0 1 0 0 0 1 1 1 0 0 0 1 1 1 1 0 1 0 0 0 1 0 0 0 1 1 0 0 0 1 1 0 0 0 0 0 1 1 1 1 0 0 0 0 0 0 0 1 1 1 0 0 1 0 1 0 0 0 0 1 0 1 0 0 0 0 0 0 0 0 0 1 0 1 0 0 0 0 0 0 0 0 0 0 0 0 0 0 0 0 0 1 0 1 0 1 1 1 0 0 1 1 0 1 0 0 0 0 1 0 0 1 0 0 0 0 1 0 0 0 1 0 1 0 1 0 0 0 0 1 0 0 1 1 1 0 1 0 0 0 1 0 0 1 0 0 1 0 1 0 0 0 0 0 0 0 0 0 1 0 0 1 0 1 1 0 0 0 0 0 0 0 1 1 0 0 1 1 0 0 1 0 0 0 0 0 0 0 0 0 0 0 1 1 0 0 1 0 1 1 0 0 1 0 1 0 1 0 0 0 0 0 1 0 0 1 0 1 0 0 0 0 1 0 1 1 0 0 0 1 0 1 0 1 0 1 0 0 0 0 0 0 0 0 0 0 1 1 1 0 1 0 0
bandwidth
0,1 185
1,2 164
2,3 104
3,4 176
5,6 94
6,7 131
8,11 88
9,8 156
9,10 110
10,9 157
11,8 126
12,10 137
12,8 61
13,9 57
15,14 85
16,15 144
17,15 67
17,19 106
17,26 76
18,16 59
19,14 81
19,15 115
20,19 116
21,16 56
22,20 59
23,14 197
24,23 152
24,16 96
25,22 187
25,14 183
26,17 106
28,27 118
29,27 94
30,28 145
31,27 187
32,27 52
33,29 130
34,31 130
35,31 55
36,30 72
37,35 89
38,31 88
39,28 153
40,41 62
41,42 84
42,43 194
43,44 88
44,45 102
45,46 90
47,48 142
48,49 181
49,50 130
50,51 173
51,52 182
52,53 198
53,54 60
54,55 87
56,57 144
57,58 125
58,59 65
59,60 52
62,61 85
62,69 193
63,62 50
63,65 121
63,69 168
64,61 105
65,61 67
66,64 138
67,61 140
67,68 137
68,61 159
68,64 73
69,68 90
69,62 180
70,63 122
72,71 126
73,71 56
74,73 56
75,72 82
76,73 167
77,72 103
77,74 193
78,77 171
78,71 104
79,74 145
80,78 122
80,81 177
80,71 80
81,76 79
81,80 86
81,74 157
82,76 129
84,83 161
85,84 63
86,84 122
87,85 187
88,84 59
89,85 119
90,86 95
91,85 53
92,89 68
93,91 122
94,85 198
95,96 87
96,97 151
99,98 88
100,98 170
101,98 134
102,99 95
103,98 84
104,103 86
104,111 142
105,99 72
106,103 87
107,101 106
108,98 196
109,98 118
110,109 58
110,108 141
111,104 149
113,112 109
113,120 80
113,115 69
114,112 144
114,115 94
115,114 200
116,115 65
117,116 101
118,114 77
118,121 150
119,115 130
119,117 111
119,114 104
120,115 109
120,113 190
120,119 130
121,120 155
121,114 194
123,122 50
124,123 83
125,122 63
126,122 178
127,126 79
128,123 146
129,123 165
130,122 141
131,129 162
132,130 195
133,134 182
134,135 141
135,136 97
136,137 158
137,138 81
138,139 124
139,140 154
140,141 103
143,142 192
144,143 99
145,142 75
146,143 75
147,146 57
148,144 144
149,143 155
150,146 198
151,143 144
152,151 164
153,152 168
154,144 89
155,150 73
157,156 76
157,164 109
157,159 124
158,156 152
158,159 53
159,158 86
160,159 88
161,160 174
162,158 82
162,165 57
163,159 167
163,161 178
163,158 151
164,159 134
164,157 111
164,163 85
165,164 154
165,158 124
167,166 111
167,172 80
168,167 83
169,167 66
170,168 91
171,167 138
171,170 189
172,169 142
173,172 106
174,168 137
175,171 138
176,175 197
178,177 110
179,177 95
180,179 66
181,180 174
182,177 51
183,182 103
184,180 178
185,186 93
186,187 72
187,188 100
188,189 133
189,190 175
190,191 184
191,192 112
192,193 117
193,194 127
194,195 141
195,196 171
196,197 56
198,200 145
199,198 172
200,199 120
201,198 134
201,200 183
203,202 146
204,203 189
205,203 113
205,207 154
205,214 147
206,204 176
207,202 139
207,203 197
208,207 130
209,204 199
210,208 199
211,202 140
212,211 170
212,204 86
213,210 160
213,202 166
214,205 200
216,215 175
217,215 84
218,216 131
219,215 197
220,216 129
221,216 99
222,219 172
223,221 156
224,225 158
225,226 50
226,227 107
227,228 152
228,229 138
229,230 85
230,231 56
231,232 77
232,233 176
233,234 81
234,235 132
235,236 53
236,237 77
239,238 125
240,239 169
241,238 174
242,239 139
243,241 53
244,239 155
245,244 135
246,240 150
247,242 68
249,248 146
250,249 116
251,249 171
252,250 87
253,250 115
254,251 157
255,249 158
256,254 136
257,252 152
258,253 189
259,257 171
261,260 88
262,260 170
263,260 134
264,261 95
265,260 84
266,265 86
266,273 142
267,261 72
268,265 87
269,263 106
270,260 196
271,260 118
272,271 58
272,270 141
273,266 149
274,275 62
275,276 84
276,277 194
277,278 88
278,279 102
279,280 90
latency
0,1 4
1,2 3
2,3 2
3,4 3
5,6 4
6,7 2
8,11 3
9,8 4
9,10 4
10,9 4
11,8 3
12,10 4
12,8 2
13,9 2
15,14 3
16,15 2
17,15 3
17,19 4
17,26 3
18,16 3
19,14 4
19,15 4
20,19 4
21,16 3
22,20 4
23,14 4
24,23 4
24,16 4
25,22 3
25,14 2
26,17 4
28,27 3
29,27 2
30,28 4
31,27 3
32,27 2
33,29 2
34,31 4
35,31 4
36,30 3
37,35 3
38,31 3
39,28 4
40,41 3
41,42 4
42,43 4
43,44 3
44,45 4
45,46 3
47,48 4
48,49 3
49,50 3
50,51 4
51,52 4
52,53 2
53,54 2
54,55 3
56,57 3
57,58 3
58,59 2
59,60 3
62,61 2
62,69 3
63,62 4
63,65 2
63,69 3
64,61 3
65,61 3
66,64 4
67,61 3
67,68 3
68,61 3
68,64 3
69,68 2
69,62 3
70,63 3
72,71 4
73,71 4
74,73 3
75,72 4
76,73 2
77,72 3
77,74 3
78,77 3
78,71 4
79,74 3
80,78 3
80,81 3
80,71 4
81,76 4
81,80 3
81,74 4
82,76 3
84,83 2
85,84 3
86,84 2
87,85 2
88,84 4
89,85 2
90,86 2
91,85 4
92,89 3
93,91 3
94,85 4
95,96 4
96,97 4
99,98 3
100,98 4
101,98 4
102,99 3
103,98 3
104,103 3
104,111 2
105,99 4
106,103 2
107,101 3
108,98 3
109,98 4
110,109 3
110,108 2
111,104 3
113,112 3
113,120 3
113,115 4
114,112 2
114,115 4
115,114 4
116,115 3
117,116 3
118,114 4
118,121 2
119,115 2
119,117 3
119,114 3
120,115 4
120,113 4
120,119 3
121,120 4
121,114 3
123,122 4
124,123 3
125,122 3
126,122 4
127,126 4
128,123 4
129,123 4
130,122 4
131,129 3
132,130 3
133,134 4
134,135 4
135,136 3
136,137 2
137,138 4
138,139 4
139,140 4
140,141 3
143,142 4
144,143 3
145,142 3
146,143 3
147,146 4
148,144 2
149,143 4
150,146 3
151,143 3
152,151 4
153,152 3
154,144 3
155,150 4
157,156 3
157,164 3
157,159 3
158,156 4
158,159 3
159,158 3
160,159 4
161,160 3
162,158 3
162,165 4
163,159 3
163,161 4
163,158 2
164,159 4
164,157 4
164,163 3
165,164 3
165,158 3
167,166 2
167,172 3
168,167 3
169,167 3
170,168 3
171,167 4
171,170 4
172,169 4
173,172 3
174,168 4
175,171 4
176,175 3
178,177 4
179,177 4
180,179 4
181,180 4
182,177 2
183,182 4
184,180 3
185,186 2
186,187 4
187,188 2
188,189 3
189,190 4
190,191 4
191,192 2
192,193 4
193,194 2
194,195 4
195,196 3
196,197 3
198,200 3
199,198 4
200,199 4
201,198 4
201,200 3
203,202 2
204,203 2
205,203 3
205,207 2
205,214 3
206,204 3
207,202 3
207,203 3
208,207 3
209,204 4
210,208 4
211,202 3
212,211 4
212,204 4
213,210 3
213,202 3
214,205 4
216,215 3
217,215 2
218,216 4
219,215 4
220,216 4
221,216 3
222,219 4
223,221 4
224,225 3
225,226 4
226,227 2
227,228 3
228,229 4
229,230 4
230,231 4
231,232 3
232,233 3
233,234 3
234,235 2
235,236 2
236,237 3
239,238 3
240,239 3
241,238 2
242,239 4
243,241 4
244,239 4
245,244 4
246,240 4
247,242 2
249,248 4
250,249 3
251,249 4
252,250 4
253,250 4
254,251 3
255,249 2
256,254 3
257,252 2
258,253 4
259,257 3
261,260 3
262,260 4
263,260 4
264,261 3
265,260 3
266,265 3
266,273 2
267,261 4
268,265 2
269,263 3
270,260 3
271,260 4
272,271 3
272,270 2
273,266 3
274,275 3
275,276 4
276,277 4
277,278 3
278,279 4
279,280 3
