core
848 149 162 122 25 45 24 180 203 174 682 16 236 188 556 611 213 135 88 128 15 358 44 61 45 232 83 226 669 566 618 184 214 121 104 130 701 6 60 123 5 734 123 200 228 192 16 649 41 35 59 24 128 92 185 196 133 109 167 479 353 812 382 214 102 93 798 30 110 58 125 8 376 168 162 123 753 226 185 164 174 200 841 108 242 40 74 41 156 486 655 363 241 18 239 51 211 176 900 358 723 154 110 101 88 18 22 74 226 132 132 678 81 211 146 81 19 571 48 490 199 97 146 19 23 31 31 6 6 211 138 140 155 97 138 231 212 475 806 844 754 140 142 155 365 160 38 94 95 58 7 691 198 228 197 121 31 456 63 33 226 618 194 122 168 519 198 150 74 95 27 57 821 436 194 93 126 40 190 103 832 51 45 467 13 86 205 248 534 50 140 86 51 42 137 186 92 656
has_camera
0 1 0 1 1 1 1 1 1 0 0 1 0 0 0 0 0 0 1 1 0 0 1 1 1 0 0 0 0 0 0 1 0 1 0 1 0 0 0 1 0 0 0 0 0 0 1 0 0 1 1 1 0 0 1 1 0 0 0 0 0 0 0 1 0 0 0 0 0 0 0 0 0 1 1 0 0 0 0 0 1 0 0 0 0 1 0 1 1 0 0 0 1 0 0 1 1 0 0 0 0 0 0 0 0 0 0 0 0 0 0 0 0 0 0 0 1 0 0 0 0 0 1 1 0 1 1 1 1 0 0 0 0 0 1 1 0 0 0 0 0 1 0 0 0 1 0 0 0 0 1 0 0 0 1 1 1 0 1 1 0 0 1 1 0 0 0 0 0 1 1 0 0 0 0 0 1 1 1 1 0 1 1 0 1 0 0 1 0 0 1 1 0 0 0 0 1 0
has_gpu
0 0 0 0 1 0 0 0 0 0 0 0 0 1 0 0 0 1 1 0 0 0 0 1 0 1 0 0 0 0 0 0 1 1 0 1 0 0 0 0 1 0 0 0 0 0 1 0 0 0 1 0 0 1 0 1 1 0 0 0 0 0 0 0 1 1 0 0 1 0 1 0 0 1 1 0 0 0 1 1 1 1 0 0 1 1 0 0 0 0 0 0 1 0 1 1 1 0 0 0 0 1 1 1 0 0 0 1 1 1 1 0 1 0 0 1 0 0 0 0 1 1 0 0 0 0 0 0 0 1 0 0 0 0 1 1 0 0 0 0 0 0 1 1 0 0 0 0 1 0 0 0 1 0 0 0 0 0 0 0 0 0 1 1 0 0 1 1 0 0 1 1 0 0 1 0 0 0 1 1 0 1 0 0 0 0 0 1 0 0 0 0 1 1 1 0 0 0
bandwidth
1,0 164
1,9 181
1,4 107
2,0 178
2,9 116
3,0 164
4,3 55
4,0 181
5,3 96
6,1 183
6,2 165
7,2 152
7,8 120
8,0 182
9,0 98
10,0 140
11,6 89
12,1 194
13,1 171
14,0 144
14,1 100
14,11 195
16,15 192
17,16 163
18,15 78
19,18 94
20,19 70
21,15 108
22,19 189
23,24 180
24,25 166
25,26 163
26,27 118
27,28 77
30,29 97
31,30 89
32,30 197
33,31 193
34,31 89
35,32 75
36,30 124
37,35 101
38,33 181
39,34 180
40,38 93
42,41 134
43,42 162
44,41 52
45,44 74
46,45 189
47,41 158
48,45 58
49,50 93
50,51 72
51,52 100
52,53 133
53,54 175
54,55 184
55,56 112
56,57 117
57,58 127
58,59 141
59,60 171
60,61 56
62,75 93
63,62 89
64,63 119
65,63 101
65,71 124
66,62 183
66,69 88
67,65 152
68,64 118
69,67 84
69,64 126
70,66 133
70,64 92
71,68 119
72,62 98
73,70 182
74,72 52
75,70 193
77,76 103
77,86 127
78,76 197
78,79 129
79,76 66
79,89 172
80,79 92
81,80 79
82,76 131
83,77 116
84,80 160
85,84 168
85,81 72
85,88 139
86,85 114
87,81 168
87,78 178
87,84 82
88,83 115
88,81 136
89,76 97
91,90 153
91,94 79
91,93 160
92,91 50
93,92 158
93,91 112
94,92 81
95,93 134
95,97 194
95,92 117
96,91 69
96,97 164
97,92 161
97,95 99
99,98 157
100,98 180
101,100 66
102,100 150
103,100 170
104,99 89
105,104 127
106,103 173
107,104 180
108,99 102
109,102 172
110,100 134
112,111 87
113,112 155
114,111 196
115,114 84
116,115 147
117,111 131
118,115 108
120,119 79
120,122 167
121,119 197
122,119 170
122,123 92
123,122 140
124,122 173
125,126 118
126,127 163
127,128 68
128,129 135
129,130 185
130,131 121
131,132 54
132,133 74
133,134 144
134,135 66
135,136 99
136,137 184
137,138 198
138,139 55
141,140 67
142,141 76
143,140 69
144,140 172
145,144 185
146,145 111
147,144 101
148,143 126
149,147 161
150,147 67
152,151 116
153,151 135
154,153 199
155,153 119
156,155 80
157,151 187
158,154 139
159,156 81
160,155 80
161,162 104
162,161 170
163,162 136
163,166 123
164,161 161
165,161 111
165,172 135
166,164 118
166,161 164
167,164 190
168,167 92
169,165 170
169,163 160
170,168 182
171,163 172
172,161 52
172,168 154
172,166 127
173,174 125
174,173 58
175,173 67
175,183 180
176,174 107
177,176 183
177,175 50
178,174 98
179,173 96
179,185 132
180,173 200
181,176 144
182,177 84
183,173 181
183,175 170
184,176 105
184,175 96
185,176 92
185,178 195
185,179 161
186,176 120
187,174 116
187,179 103
188,191 142
188,190 92
189,188 66
190,188 170
191,188 170
192,193 90
193,194 181
194,195 169
195,196 159
196,197 171
latency
1,0 4
1,9 2
1,4 3
2,0 4
2,9 4
3,0 4
4,3 4
4,0 4
5,3 4
6,1 4
6,2 3
7,2 4
7,8 2
8,0 3
9,0 2
10,0 3
11,6 4
12,1 3
13,1 3
14,0 3
14,1 3
14,11 3
16,15 3
17,16 4
18,15 4
19,18 2
20,19 4
21,15 3
22,19 2
23,24 4
24,25 4
25,26 4
26,27 4
27,28 3
30,29 4
31,30 3
32,30 3
33,31 2
34,31 3
35,32 2
36,30 2
37,35 4
38,33 3
39,34 2
40,38 4
42,41 3
43,42 4
44,41 4
45,44 4
46,45 2
47,41 3
48,45 4
49,50 2
50,51 4
51,52 2
52,53 3
53,54 4
54,55 4
55,56 2
56,57 4
57,58 2
58,59 4
59,60 3
60,61 3
62,75 4
63,62 4
64,63 3
65,63 2
65,71 4
66,62 4
66,69 4
67,65 4
68,64 4
69,67 3
69,64 4
70,66 4
70,64 2
71,68 3
72,62 3
73,70 4
74,72 4
75,70 3
77,76 4
77,86 3
78,76 2
78,79 4
79,76 3
79,89 3
80,79 3
81,80 2
82,76 3
83,77 2
84,80 4
85,84 3
85,81 3
85,88 2
86,85 4
87,81 3
87,78 3
87,84 2
88,83 4
88,81 2
89,76 4
91,90 4
91,94 3
91,93 2
92,91 3
93,92 2
93,91 4
94,92 3
95,93 3
95,97 3
95,92 3
96,91 4
96,97 4
97,92 2
97,95 4
99,98 3
100,98 4
101,100 4
102,100 4
103,100 3
104,99 4
105,104 4
106,103 3
107,104 2
108,99 3
109,102 3
110,100 3
112,111 2
113,112 3
114,111 3
115,114 4
116,115 3
117,111 3
118,115 3
120,119 2
120,122 3
121,119 3
122,119 3
122,123 3
123,122 3
124,122 4
125,126 3
126,127 4
127,128 3
128,129 3
129,130 3
130,131 3
131,132 3
132,133 3
133,134 2
134,135 4
135,136 3
136,137 3
137,138 4
138,139 4
141,140 2
142,141 4
143,140 3
144,140 2
145,144 3
146,145 3
147,144 3
148,143 4
149,147 3
150,147 2
152,151 2
153,151 3
154,153 3
155,153 3
156,155 3
157,151 4
158,154 3
159,156 3
160,155 3
161,162 4
162,161 3
163,162 4
163,166 4
164,161 4
165,161 4
165,172 4
166,164 4
166,161 2
167,164 4
168,167 3
169,165 3
169,163 4
170,168 3
171,163 2
172,161 3
172,168 4
172,166 2
173,174 3
174,173 3
175,173 4
175,183 3
176,174 3
177,176 2
177,175 4
178,174 4
179,173 4
179,185 3
180,173 3
181,176 3
182,177 4
183,173 4
183,175 3
184,176 4
184,175 4
185,176 4
185,178 4
185,179 3
186,176 4
187,174 3
187,179 4
188,191 3
188,190 3
189,188 4
190,188 4
191,188 2
192,193 4
193,194 3
194,195 3
195,196 3
196,197 4
