core
550 146 183 412 8 147 142 32 28 69 97 247 874 644 220 139 122 589 226 111 49 735 66 137 47 81 180 631 155 185 39 47 447 100 85 32 90 37 736 58 175 436 194 93 126 40 190 103 832 51 45 467 13 86 205 248 58 70 235 245 190 231 156 801 683 64 62 138 138 120 564 584 69 52 26 229 156 100 225 139 192 189 364 829 351 13 59 28 171 197 151 94 92 169 242 99 546 692 564 659 224 50 234 111 100 793 199 13 60 42 14 226 105 132 169 108 230 127 240 550 509 475 599 18 217 95 626 137 137 102 680 244 156 20 426 57 124 50 170 225 26 46 25 182 174 239 118 235 216 179 114 482 576 454 367 138 230 19 63 459 231 106 167 147 45 197 34 668 795 17 177 194 169 34 41 21 49 221 105 128 163 244 127 685 385 782 746 801 121 127 173 249 179 52 27 535 155 753 246 7 136 29 603 131 44 195 375 138 193 13 51 23 704 188 168 457 187 89 444 128 242 62 469 124 247 190 73 864 155 164 247 703 6 244 48 168 799 514 241 87 25 185 18 695 245 127 223 555 136 17 209 75 719 86 142 170 38 16 178 35 200 187 784 116 366 203 436 194 93 126 40 190 103 832 51 45 467 13 86 205 248 572 139 85 184 54 190 68 53 829 86
has_camera
0 1 1 0 0 0 1 1 1 1 0 0 0 0 0 0 1 0 0 0 1 0 1 1 1 0 0 0 1 0 1 0 0 0 0 1 0 0 0 0 0 0 0 0 1 1 1 1 0 1 1 0 1 0 0 1 0 0 0 0 0 0 0 0 0 0 0 1 1 1 0 0 1 1 0 0 1 1 0 0 0 0 0 0 0 1 0 1 0 0 0 1 1 1 0 0 0 0 0 0 0 0 0 0 0 0 1 0 0 0 0 1 0 1 1 1 0 1 1 0 0 0 0 1 0 1 0 1 0 0 0 0 0 1 0 1 1 0 1 0 0 0 0 0 0 0 0 1 0 0 0 0 0 0 0 0 0 1 0 0 0 1 1 0 0 0 0 0 0 0 0 0 1 1 0 0 0 1 0 0 1 0 0 0 0 0 0 0 0 0 1 1 0 0 0 0 1 0 0 0 0 1 0 1 0 0 0 0 0 0 1 1 0 0 0 0 1 0 0 0 0 1 0 0 0 1 0 0 1 0 0 0 1 1 1 0 0 0 0 0 0 1 0 0 1 0 0 0 1 1 0 1 0 0 0 0 0 1 1 1 0 0 0 1 0 1 0 0 0 1 1 1 1 0 1 1 0 1 0 0 1 0 0 0 1 0 1 0 1 0 0
has_gpu
0 1 0 0 1 1 0 0 0 0 1 1 0 0 0 1 0 0 1 0 0 0 0 1 0 0 1 0 1 0 0 1 0 0 1 0 0 0 0 0 1 0 1 0 0 0 1 1 0 1 0 0 0 0 0 1 0 0 0 1 0 0 1 0 0 1 0 1 1 0 0 0 0 0 0 0 0 1 1 0 1 0 0 0 0 0 1 1 1 0 0 0 1 0 1 1 0 0 0 0 1 0 0 0 1 0 0 0 1 0 0 1 0 1 1 0 0 0 1 0 0 0 0 1 1 1 0 0 1 0 0 0 1 0 0 0 0 0 0 0 1 0 1 1 1 0 0 1 0 1 1 0 0 0 0 0 1 0 0 0 0 1 1 0 0 0 1 0 0 1 0 1 1 1 1 1 0 1 1 0 0 0 0 0 0 0 0 0 0 1 0 0 0 1 1 0 0 0 0 0 1 0 0 1 1 1 0 1 1 1 1 0 0 0 1 0 0 0 0 0 0 0 0 1 1 0 0 0 1 1 1 0 0 0 1 1 0 0 1 0 1 0 0 0 1 0 1 0 1 1 0 0 0 0 1 0 0 0 0 0 0 1 0 1 0 0 0 1 0 0 0 1 1 0 1 0 0 0 0 0 1 0 1 1 1 0 1 0 1 0 0
bandwidth
1,0 85
2,1 112
3,0 157
4,2 153
5,3 77
6,3 70
7,6 59
8,9 56
9,10 178
10,11 96
11,12 51
14,13 105
15,14 176
16,15 175
17,13 78
18,15 80
19,17 197
20,16 69
21,13 57
22,16 166
23,14 58
24,20 116
25,17 52
26,23 193
28,27 115
29,27 97
30,29 113
31,29 147
33,32 163
34,32 186
35,34 164
36,33 51
37,36 158
38,40 168
38,39 129
39,38 84
40,38 176
41,42 125
42,41 58
43,41 67
43,51 180
44,42 107
45,44 183
45,43 50
46,42 98
47,41 96
47,53 132
48,41 200
49,44 144
50,45 84
51,41 181
51,43 170
52,44 105
52,43 96
53,44 92
53,46 195
53,47 161
54,44 120
55,42 116
55,47 103
56,57 182
57,58 141
58,59 97
59,60 158
60,61 81
61,62 124
62,63 154
63,64 103
65,66 95
66,67 85
67,68 185
68,69 191
69,70 67
70,71 165
72,73 71
73,74 173
74,75 108
75,76 124
76,77 50
77,78 159
78,79 149
79,80 90
80,81 54
81,82 174
82,83 135
83,84 62
85,86 137
86,87 170
87,88 157
88,89 83
89,90 150
90,91 125
91,92 173
92,93 62
93,94 169
94,95 162
95,96 107
96,97 62
97,98 83
100,99 180
100,107 122
100,104 183
101,100 91
102,99 174
102,107 69
103,102 102
103,107 60
104,99 166
105,99 155
106,105 163
107,106 118
107,100 175
107,99 66
108,109 144
109,110 84
110,111 148
111,112 59
112,113 178
113,114 173
114,115 107
115,116 81
116,117 52
117,118 125
118,119 122
119,120 162
120,121 118
122,125 94
122,124 111
123,122 118
124,122 115
125,122 156
127,126 114
128,127 100
129,128 90
130,126 120
131,128 195
132,130 125
133,129 186
134,126 106
135,129 199
136,127 140
137,133 156
138,130 118
139,136 111
140,141 164
141,142 54
142,143 110
143,144 77
144,145 194
145,146 186
146,147 107
147,148 200
148,149 153
149,150 132
150,151 165
151,152 154
152,153 135
154,158 61
155,154 62
156,154 186
157,155 154
158,156 126
160,159 163
160,163 117
161,159 141
162,160 57
163,162 188
164,163 141
165,162 164
166,163 118
166,169 102
166,161 113
167,159 70
168,159 174
169,164 141
169,173 56
170,168 133
171,168 75
171,167 178
172,160 92
172,164 74
173,165 195
174,175 200
175,176 108
176,177 66
177,178 200
178,179 155
179,180 111
180,181 137
181,182 176
182,183 83
183,184 199
184,185 142
186,194 200
186,187 179
187,186 54
188,187 197
189,187 57
190,187 174
191,187 116
192,187 91
193,188 192
194,192 186
195,196 150
196,195 93
197,195 180
198,197 136
198,195 99
198,196 89
199,198 68
200,196 192
200,195 172
201,199 198
203,202 104
204,203 150
205,203 50
207,206 52
208,207 66
209,208 74
209,211 91
209,206 87
210,208 107
211,209 123
211,208 134
212,206 87
212,216 187
212,210 132
213,207 67
214,208 60
214,213 148
215,206 55
215,209 196
216,213 61
216,214 166
217,212 170
217,214 72
219,218 175
220,218 84
221,219 131
222,218 197
223,219 129
224,219 99
225,222 172
226,224 156
228,227 52
229,228 85
230,228 196
231,227 99
232,230 106
233,228 162
234,233 162
235,229 156
237,236 152
238,237 149
239,238 101
240,239 142
241,237 101
242,240 100
244,243 187
245,243 115
246,244 52
247,243 173
248,244 114
249,248 161
250,244 142
251,248 192
253,252 190
254,252 154
255,252 93
256,255 100
256,259 147
257,256 101
258,252 77
258,261 159
259,258 110
260,254 156
261,253 153
262,252 129
263,258 182
263,264 54
264,252 60
265,258 115
266,267 125
267,266 58
268,266 67
268,276 180
269,267 107
270,269 183
270,268 50
271,267 98
272,266 96
272,278 132
273,266 200
274,269 144
275,270 84
276,266 181
276,268 170
277,269 105
277,268 96
278,269 92
278,271 195
278,272 161
279,269 120
280,267 116
280,272 103
281,286 91
281,289 100
282,281 95
282,288 196
283,281 155
283,287 199
284,281 129
284,285 135
285,283 166
286,281 141
287,282 197
287,285 90
288,286 81
289,281 56
290,289 116
290,282 176
290,284 160
latency
1,0 4
2,1 3
3,0 3
4,2 4
5,3 2
6,3 3
7,6 4
8,9 3
9,10 4
10,11 3
11,12 2
14,13 4
15,14 4
16,15 3
17,13 4
18,15 2
19,17 3
20,16 2
21,13 2
22,16 3
23,14 3
24,20 4
25,17 3
26,23 3
28,27 3
29,27 4
30,29 3
31,29 4
33,32 4
34,32 4
35,34 4
36,33 4
37,36 4
38,40 4
38,39 3
39,38 2
40,38 3
41,42 3
42,41 3
43,41 4
43,51 3
44,42 3
45,44 2
45,43 4
46,42 4
47,41 4
47,53 3
48,41 3
49,44 3
50,45 4
51,41 4
51,43 3
52,44 4
52,43 4
53,44 4
53,46 4
53,47 3
54,44 4
55,42 3
55,47 4
56,57 4
57,58 4
58,59 3
59,60 2
60,61 4
61,62 4
62,63 4
63,64 3
65,66 3
66,67 4
67,68 4
68,69 4
69,70 3
70,71 3
72,73 4
73,74 4
74,75 3
75,76 2
76,77 3
77,78 3
78,79 3
79,80 2
80,81 4
81,82 3
82,83 4
83,84 3
85,86 2
86,87 3
87,88 4
88,89 3
89,90 3
90,91 4
91,92 3
92,93 2
93,94 4
94,95 4
95,96 4
96,97 4
97,98 4
100,99 4
100,107 3
100,104 4
101,100 3
102,99 3
102,107 2
103,102 3
103,107 3
104,99 3
105,99 4
106,105 4
107,106 4
107,100 4
107,99 3
108,109 3
109,110 4
110,111 3
111,112 4
112,113 4
113,114 4
114,115 3
115,116 3
116,117 4
117,118 3
118,119 4
119,120 4
120,121 3
122,125 3
122,124 4
123,122 3
124,122 3
125,122 2
127,126 3
128,127 3
129,128 3
130,126 3
131,128 4
132,130 2
133,129 3
134,126 3
135,129 3
136,127 2
137,133 4
138,130 3
139,136 3
140,141 3
141,142 3
142,143 3
143,144 3
144,145 4
145,146 2
146,147 3
147,148 3
148,149 3
149,150 4
150,151 3
151,152 4
152,153 4
154,158 4
155,154 4
156,154 2
157,155 4
158,156 3
160,159 2
160,163 4
161,159 4
162,160 2
163,162 3
164,163 3
165,162 4
166,163 4
166,169 3
166,161 3
167,159 4
168,159 3
169,164 3
169,173 4
170,168 2
171,168 4
171,167 2
172,160 2
172,164 3
173,165 4
174,175 3
175,176 3
176,177 3
177,178 3
178,179 2
179,180 4
180,181 3
181,182 4
182,183 3
183,184 3
184,185 3
186,194 4
186,187 4
187,186 3
188,187 3
189,187 2
190,187 3
191,187 3
192,187 4
193,188 3
194,192 3
195,196 3
196,195 3
197,195 3
198,197 4
198,195 4
198,196 4
199,198 3
200,196 3
200,195 3
201,199 2
203,202 4
204,203 3
205,203 4
207,206 3
208,207 3
209,208 4
209,211 4
209,206 4
210,208 3
211,209 4
211,208 2
212,206 4
212,216 2
212,210 2
213,207 3
214,208 3
214,213 4
215,206 4
215,209 3
216,213 3
216,214 3
217,212 3
217,214 3
219,218 3
220,218 2
221,219 4
222,218 4
223,219 4
224,219 3
225,222 4
226,224 4
228,227 4
229,228 3
230,228 4
231,227 4
232,230 3
233,228 3
234,233 4
235,229 4
237,236 3
238,237 4
239,238 4
240,239 3
241,237 4
242,240 2
244,243 3
245,243 4
246,244 2
247,243 4
248,244 3
249,248 4
250,244 3
251,248 4
253,252 4
254,252 3
255,252 3
256,255 4
256,259 2
257,256 3
258,252 3
258,261 3
259,258 3
260,254 4
261,253 4
262,252 3
263,258 4
263,264 3
264,252 3
265,258 4
266,267 3
267,266 3
268,266 4
268,276 3
269,267 3
270,269 2
270,268 4
271,267 4
272,266 4
272,278 3
273,266 3
274,269 3
275,270 4
276,266 4
276,268 3
277,269 4
277,268 4
278,269 4
278,271 4
278,272 3
279,269 4
280,267 3
280,272 4
281,286 4
281,289 2
282,281 4
282,288 4
283,281 3
283,287 4
284,281 2
284,285 2
285,283 4
286,281 2
287,282 2
287,285 2
288,286 2
289,281 4
290,289 3
290,282 3
290,284 4
