core
612 184 178 41 112 56 41 48 34 165 146 248 224 168 194 109 720 678 672 644 192 55 169 131 105 613 184 36 30 197 662 168 15 52 146 148 182 43 524 166 551 369 219 210 36 432 217 122 146 12 174 168 9 35 59 24 128 92 185 196 133 109 167 479 353 812 13 59 28 171 197 151 94 92 169 242 99 546 692 564 51 42 137 186 92 656 51 42 137 186 92 656 19 27 62 214 140 177 179 160 221 858 394 533 808 629 729 165 237 138 87 225 160 24 138 61 59 439 213 153 165 5 47 47 97 485 417 190 219 190 474 236 75 145 130 72 41 850 216 172 196 39 114 31 137 186 214 432 654 97 43 70 43 196 250 232 82 829 584 478 123 747 117 60 208 64 754 89 43 91 34 174
has_camera
0 0 0 0 0 0 0 0 1 1 0 0 0 0 1 0 0 0 0 0 0 1 0 1 0 0 0 0 1 0 0 0 0 0 1 1 0 1 0 1 0 0 1 0 0 0 0 1 1 1 1 0 1 1 1 1 0 0 1 1 0 0 0 0 0 0 1 0 1 0 0 0 1 1 1 0 0 0 0 0 0 0 0 0 1 0 0 0 0 0 1 0 1 1 0 0 0 0 0 0 0 0 0 0 0 0 0 0 1 1 1 0 1 1 1 1 0 0 1 1 0 1 0 0 0 0 0 1 0 0 0 1 1 0 1 1 1 0 0 0 1 0 1 0 0 0 0 0 0 0 1 1 1 0 0 0 0 0 0 0 0 0 0 0 0 1 0 1 0 0 0 1
has_gpu
0 1 0 0 0 0 0 0 1 0 1 1 1 1 1 1 0 0 0 0 1 1 0 0 1 0 1 0 1 1 0 0 0 0 1 0 0 1 0 1 0 0 0 1 0 0 0 0 1 0 1 0 0 0 1 0 0 1 0 1 1 0 0 0 0 0 0 1 1 1 0 0 0 1 0 1 1 0 0 0 1 1 1 0 0 0 1 1 1 0 0 0 1 0 0 1 0 1 1 0 1 0 0 0 0 0 0 1 1 1 1 0 0 1 1 1 0 0 1 1 1 0 1 0 0 0 0 0 1 0 0 0 0 0 0 1 0 0 1 1 1 1 0 0 1 1 0 0 0 1 1 0 1 0 0 0 1 0 0 0 0 0 1 0 1 0 0 1 0 1 0 1
bandwidth
1,0 168
2,0 126
3,2 147
4,0 148
5,1 90
6,7 113
7,8 73
8,9 87
9,10 125
10,11 96
11,12 95
12,13 60
13,14 151
14,15 61
15,16 178
16,17 196
17,18 193
20,19 143
21,20 147
21,29 180
22,19 66
22,28 59
23,22 68
23,25 176
24,19 62
25,19 68
26,25 170
27,26 199
27,25 86
28,23 82
29,25 117
29,19 177
30,37 163
31,30 54
31,32 178
32,31 187
33,32 161
33,37 173
34,30 96
34,31 119
35,30 145
35,31 145
36,35 181
36,32 200
37,32 157
37,30 160
38,30 180
39,31 77
39,35 105
41,40 64
42,41 179
43,41 80
44,42 166
44,43 52
45,40 193
46,41 194
47,45 196
47,48 84
48,47 87
49,44 155
50,47 72
51,45 164
52,44 93
53,54 93
54,55 72
55,56 100
56,57 133
57,58 175
58,59 184
59,60 112
60,61 117
61,62 127
62,63 141
63,64 171
64,65 56
66,67 137
67,68 170
68,69 157
69,70 83
70,71 150
71,72 125
72,73 173
73,74 62
74,75 169
75,76 162
76,77 107
77,78 62
78,79 83
80,81 90
81,82 181
82,83 169
83,84 159
84,85 171
86,87 90
87,88 181
88,89 169
89,90 159
90,91 171
92,93 135
93,94 129
94,95 158
95,96 151
96,97 121
97,98 130
98,99 66
99,100 182
100,101 173
101,102 96
102,103 94
105,104 142
106,104 194
107,106 88
108,107 55
109,107 200
110,106 164
111,106 186
112,109 110
113,112 112
114,109 126
115,114 93
116,112 68
118,117 124
119,118 181
120,117 97
121,119 95
122,121 159
123,124 63
124,125 88
127,126 178
128,127 101
129,126 155
130,126 86
131,130 155
132,131 137
133,130 166
134,129 68
135,133 196
136,133 99
138,137 80
139,137 148
140,137 117
141,138 87
142,137 136
143,142 187
143,150 153
144,138 125
145,142 192
146,140 133
147,137 139
148,137 98
149,148 56
149,147 111
150,143 110
151,152 128
152,153 146
153,154 131
154,155 84
155,156 149
156,157 100
157,158 178
159,160 83
160,159 80
161,159 191
162,161 158
162,159 74
162,160 149
163,162 167
164,160 59
164,159 193
165,163 82
166,169 88
167,166 156
167,168 110
168,167 157
169,166 126
170,168 137
170,166 61
171,167 57
latency
1,0 4
2,0 4
3,2 4
4,0 3
5,1 4
6,7 2
7,8 3
8,9 4
9,10 4
10,11 4
11,12 3
12,13 4
13,14 4
14,15 4
15,16 4
16,17 3
17,18 4
20,19 3
21,20 3
21,29 2
22,19 4
22,28 3
23,22 3
23,25 4
24,19 4
25,19 4
26,25 3
27,26 3
27,25 4
28,23 3
29,25 3
29,19 4
30,37 4
31,30 2
31,32 3
32,31 3
33,32 2
33,37 4
34,30 4
34,31 4
35,30 2
35,31 3
36,35 4
36,32 3
37,32 4
37,30 4
38,30 3
39,31 3
39,35 4
41,40 3
42,41 4
43,41 4
44,42 4
44,43 4
45,40 3
46,41 3
47,45 3
47,48 3
48,47 2
49,44 4
50,47 2
51,45 3
52,44 4
53,54 2
54,55 4
55,56 2
56,57 3
57,58 4
58,59 4
59,60 2
60,61 4
61,62 2
62,63 4
63,64 3
64,65 3
66,67 2
67,68 3
68,69 4
69,70 3
70,71 3
71,72 4
72,73 3
73,74 2
74,75 4
75,76 4
76,77 4
77,78 4
78,79 4
80,81 4
81,82 3
82,83 3
83,84 3
84,85 4
86,87 4
87,88 3
88,89 3
89,90 3
90,91 4
92,93 3
93,94 3
94,95 4
95,96 4
96,97 4
97,98 4
98,99 4
99,100 3
100,101 4
101,102 4
102,103 4
105,104 4
106,104 4
107,106 4
108,107 3
109,107 4
110,106 3
111,106 3
112,109 3
113,112 2
114,109 4
115,114 3
116,112 3
118,117 3
119,118 3
120,117 4
121,119 4
122,121 3
123,124 4
124,125 3
127,126 4
128,127 4
129,126 2
130,126 4
131,130 4
132,131 3
133,130 3
134,129 4
135,133 3
136,133 3
138,137 4
139,137 3
140,137 2
141,138 4
142,137 3
143,142 3
143,150 3
144,138 3
145,142 4
146,140 4
147,137 2
148,137 3
149,148 4
149,147 2
150,143 4
151,152 4
152,153 3
153,154 4
154,155 4
155,156 3
156,157 4
157,158 3
159,160 4
160,159 3
161,159 2
162,161 3
162,159 4
162,160 3
163,162 2
164,160 3
164,159 2
165,163 3
166,169 3
167,166 4
167,168 4
168,167 4
169,166 3
170,168 4
170,166 2
171,167 2
