core
448 211 167 68 220 34 676 224 250 42 43 515 99 128 101 53 15 34 180 174 154 668 42 80 146 397 58 70 235 245 190 231 156 801 683 587 226 137 175 87 45 798 61 50 159 47 65 7 128 192 176 85 88 151 814 526 597 7 192 666 885 174 117 42 227 212 54 196 238 18 11 239 439 650 128 194 121 164 16 510 10 31 9 197 146 85 149 123 490 354 647 218 209 31 36 535 155 753 246 7 136 29 387 234 794 44 246 69 169 150 14 182 187 881 203 150 33 822 242 189 188 49 786 123 111 54 14 151 160 130 14 508 486 121 177 35 5 9 50 163 94 177 620 834 12 164 860 198 188 45 549 132 129 96 95 28 104 57 771 791 31 215 118 189 50 445 167 245 38 894 615 88 103 108 55 65 179 161 816 202 233 215 540 226 235 37 154 39 12 775 508 47 85 751 155 55 455 755 242 249 62 116 224 73 194 680 92 16 118 85 7 196 94 559 21 170 777 36 75 238 168 439 393 103 180 237 147 9 687 87 22 110 33 110 633 611 441 178 222 214 160 73 5 21 219 182 126
has_camera
0 0 0 0 0 1 0 0 0 0 1 0 0 0 0 0 1 1 0 1 0 0 0 1 0 0 0 0 0 0 0 0 0 0 0 0 0 0 1 0 0 0 1 0 1 0 0 0 0 0 0 1 0 0 0 0 0 0 0 0 0 1 0 1 1 0 0 1 0 0 1 0 0 0 0 0 0 1 1 0 1 1 0 0 0 0 1 0 0 0 0 0 0 1 0 0 1 0 0 0 0 1 0 1 0 1 0 1 0 1 1 0 0 0 0 0 0 0 0 0 1 1 0 1 0 1 0 0 1 1 1 0 0 1 0 1 1 0 0 0 0 0 0 0 1 0 0 1 0 0 0 0 0 0 1 0 1 1 0 0 0 1 0 0 0 0 0 1 1 0 0 1 1 0 0 1 0 1 0 1 0 0 0 0 0 1 1 1 0 0 0 0 1 0 0 0 0 0 0 0 0 0 0 0 0 0 1 0 1 1 0 0 0 0 0 0 0 1 0 0 0 0 0 0 0 1 0 0 0 1 1 0 0 0 0 0 0 0 0 0 0 1 1 1 0 0 0
has_gpu
0 1 0 1 0 1 0 0 0 1 0 0 0 0 0 0 0 0 0 0 0 0 1 0 0 0 0 0 0 1 0 0 1 0 0 0 0 0 0 0 0 0 0 0 0 0 0 1 1 0 0 0 0 1 0 0 0 0 1 0 0 0 1 1 1 0 0 0 1 0 0 1 0 0 1 0 1 1 0 0 0 1 1 1 1 1 1 1 0 0 0 0 0 0 1 0 0 0 0 0 1 0 0 0 0 0 1 0 1 1 0 0 1 0 1 1 0 0 1 1 0 0 0 1 1 0 0 0 1 1 0 0 0 1 1 1 0 0 0 0 0 1 0 0 0 1 0 1 0 1 0 0 1 0 0 0 0 0 0 0 0 0 1 0 0 0 1 1 0 0 0 0 0 1 0 1 0 0 0 0 1 1 0 1 0 0 0 0 0 0 0 1 1 0 1 1 0 0 0 0 1 1 1 1 1 0 1 1 1 0 0 1 1 0 1 0 0 0 1 0 1 0 0 0 0 1 1 0 0 0 0 1 0 0 0 0 0 0 1 0 0 0 0 0 0 0 0
bandwidth
1,0 121
2,0 129
3,2 174
4,1 165
5,4 200
7,6 142
8,6 187
9,8 144
10,8 116
12,11 92
12,20 107
12,15 75
13,11 156
13,20 92
14,11 111
15,14 88
15,11 151
16,14 136
17,12 179
17,13 133
18,13 145
18,19 73
19,11 155
20,11 169
21,11 138
22,17 152
23,12 174
24,12 176
25,11 85
25,12 132
25,22 106
26,27 182
27,28 141
28,29 97
29,30 158
30,31 81
31,32 124
32,33 154
33,34 103
36,35 66
37,35 178
38,37 79
39,37 101
40,39 112
41,35 165
42,38 129
43,40 103
44,39 143
45,46 147
46,47 155
47,48 118
48,49 172
49,50 191
50,51 78
51,52 93
52,53 195
53,54 190
54,55 160
56,58 147
56,57 62
57,56 157
58,56 159
60,59 169
60,65 82
61,60 127
62,60 169
63,61 78
64,60 159
64,63 80
65,62 137
66,65 186
67,61 195
68,64 152
69,68 104
70,71 94
71,72 131
74,73 111
75,73 53
76,73 141
77,76 200
78,77 105
79,73 74
80,77 111
81,82 145
82,83 128
83,84 172
84,85 74
85,86 153
86,87 68
87,88 136
88,89 123
91,90 92
92,90 86
93,92 76
94,92 128
95,96 150
96,95 93
97,95 180
98,97 136
98,95 99
98,96 89
99,98 68
100,96 192
100,95 172
101,99 198
103,102 60
104,102 146
105,103 135
106,104 128
107,106 70
108,103 189
109,103 198
110,107 131
111,103 150
112,103 69
114,113 189
115,113 159
116,114 60
117,113 191
118,114 50
119,114 157
120,117 93
121,119 148
123,122 78
124,122 104
125,123 89
126,125 200
127,122 136
128,127 145
129,124 79
130,129 117
131,122 70
132,135 103
133,132 60
134,133 152
134,135 156
135,134 51
136,135 96
136,133 75
136,134 76
137,138 79
138,139 128
139,140 107
140,141 135
141,142 143
144,143 92
145,143 112
147,146 178
148,146 122
149,148 177
151,150 118
151,154 50
152,150 174
153,151 104
154,153 89
155,154 74
156,153 194
157,154 86
157,160 98
157,152 66
158,150 142
159,150 135
160,155 169
160,164 167
161,159 158
162,159 189
162,158 182
163,151 171
163,155 142
164,156 122
166,165 190
167,165 116
168,166 60
169,165 103
170,165 67
171,167 113
172,169 68
173,169 175
174,168 66
175,173 96
176,169 62
177,166 185
178,179 90
179,178 150
180,179 197
180,183 97
181,178 126
182,178 51
182,189 135
183,181 170
183,178 193
184,181 69
185,184 144
186,182 54
186,180 90
187,185 114
188,180 164
189,178 68
189,185 163
189,183 196
191,190 173
192,190 55
193,195 161
194,193 184
194,195 136
195,194 86
197,196 192
198,197 180
199,197 198
200,198 111
200,196 176
201,198 184
201,196 143
202,198 154
202,201 85
203,200 163
203,198 196
204,199 164
204,197 126
206,205 50
207,206 83
208,205 63
209,205 178
210,209 79
211,206 146
212,206 165
213,205 141
214,212 162
215,213 195
217,216 129
218,216 109
219,216 69
220,216 113
222,221 158
223,222 102
224,223 94
225,223 120
226,222 115
227,224 60
227,222 156
228,221 165
229,223 65
230,224 98
231,225 133
232,230 75
232,229 69
233,225 92
235,234 191
236,234 84
237,236 199
238,236 65
239,236 120
240,235 127
241,240 97
242,239 199
243,240 169
244,235 189
245,238 52
246,236 104
latency
1,0 3
2,0 2
3,2 3
4,1 4
5,4 4
7,6 4
8,6 3
9,8 3
10,8 3
12,11 2
12,20 4
12,15 3
13,11 3
13,20 3
14,11 4
15,14 3
15,11 3
16,14 3
17,12 3
17,13 3
18,13 4
18,19 3
19,11 4
20,11 3
21,11 3
22,17 3
23,12 3
24,12 3
25,11 4
25,12 4
25,22 4
26,27 4
27,28 4
28,29 3
29,30 2
30,31 4
31,32 4
32,33 4
33,34 3
36,35 3
37,35 4
38,37 4
39,37 2
40,39 3
41,35 2
42,38 4
43,40 3
44,39 3
45,46 4
46,47 4
47,48 4
48,49 2
49,50 4
50,51 4
51,52 3
52,53 2
53,54 4
54,55 2
56,58 4
56,57 2
57,56 3
58,56 3
60,59 3
60,65 3
61,60 3
62,60 4
63,61 3
64,60 4
64,63 3
65,62 3
66,65 4
67,61 2
68,64 3
69,68 4
70,71 4
71,72 2
74,73 4
75,73 4
76,73 3
77,76 4
78,77 3
79,73 3
80,77 2
81,82 4
82,83 4
83,84 2
84,85 4
85,86 3
86,87 3
87,88 4
88,89 3
91,90 3
92,90 3
93,92 3
94,92 2
95,96 3
96,95 3
97,95 3
98,97 4
98,95 4
98,96 4
99,98 3
100,96 3
100,95 3
101,99 2
103,102 3
104,102 4
105,103 4
106,104 3
107,106 2
108,103 4
109,103 3
110,107 3
111,103 4
112,103 4
114,113 3
115,113 3
116,114 3
117,113 3
118,114 3
119,114 4
120,117 2
121,119 3
123,122 2
124,122 4
125,123 3
126,125 2
127,122 3
128,127 3
129,124 4
130,129 4
131,122 3
132,135 3
133,132 4
134,133 3
134,135 3
135,134 2
136,135 2
136,133 4
136,134 3
137,138 3
138,139 4
139,140 4
140,141 3
141,142 4
144,143 4
145,143 4
147,146 4
148,146 2
149,148 3
151,150 4
151,154 3
152,150 3
153,151 3
154,153 4
155,154 3
156,153 2
157,154 3
157,160 4
157,152 4
158,150 3
159,150 3
160,155 3
160,164 4
161,159 4
162,159 3
162,158 2
163,151 4
163,155 3
164,156 3
166,165 2
167,165 4
168,166 3
169,165 2
170,165 4
171,167 4
172,169 3
173,169 3
174,168 2
175,173 3
176,169 3
177,166 3
178,179 3
179,178 4
180,179 4
180,183 3
181,178 3
182,178 3
182,189 4
183,181 2
183,178 3
184,181 3
185,184 4
186,182 3
186,180 4
187,185 4
188,180 3
189,178 3
189,185 4
189,183 4
191,190 4
192,190 3
193,195 4
194,193 3
194,195 4
195,194 2
197,196 3
198,197 4
199,197 4
200,198 2
200,196 2
201,198 4
201,196 3
202,198 4
202,201 3
203,200 4
203,198 4
204,199 3
204,197 3
206,205 4
207,206 3
208,205 3
209,205 4
210,209 4
211,206 4
212,206 4
213,205 4
214,212 3
215,213 3
217,216 4
218,216 3
219,216 4
220,216 4
222,221 4
223,222 4
224,223 3
225,223 3
226,222 2
227,224 3
227,222 2
228,221 4
229,223 3
230,224 4
231,225 3
232,230 3
232,229 4
233,225 3
235,234 3
236,234 4
237,236 3
238,236 3
239,236 4
240,235 4
241,240 4
242,239 2
243,240 3
244,235 3
245,238 3
246,236 3
