core
627 155 86 182 656 124 36 181 53 57 12 147 117 784 397 176 97 111 68 557 121 7 113 861 220 18 172 397 87 235 62 52 366 622 170 237 35 491 232 169 233 21 24 118 35 171 131 354 769 184 72 199 195 442 147 26 123 385 156 166 62 22 67 671 188 197 419 232 149 380 477 176 223 9 127 186 46 135 120 21 807 100 97 84 59 208 33 229 221 120 515 756 193 38 448 211 167 68 220 34 62 239 697 9 50 163 94 177 620 751 155 55 659 224 50 234 111 100 793 199 13 799 173 192 50 468 192 427 94 60 75 184 162 83 137 73 585 160 215 93 204 411 22 207 217 54 50 530 94 22 228 721 871 100 200 71 200 19 868 146 188 451 74 81 99 153 404 38 215 151 6 206 48 692 455 92 352 132 63 138 129 231 170 156 26 157 40 394 91 81 64 576 227 70 774 195 136 220 47 706 115 36 218 866 104 56 243 578 157 111 205 29 93 131 856 74 38 674 172 65 182 117 572 647 120 83 9 38 128
has_camera
0 0 1 0 0 0 0 0 1 1 0 0 0 0 0 1 0 0 1 0 0 0 0 0 0 0 0 0 0 1 0 0 0 0 0 1 0 0 0 0 1 1 0 0 0 1 0 0 0 0 0 0 0 0 1 0 0 0 0 0 1 0 1 0 0 1 0 0 0 0 0 0 1 0 1 0 0 1 0 1 0 0 1 1 0 0 1 0 1 1 0 0 1 0 0 0 0 0 0 1 0 1 0 0 0 0 0 0 0 0 0 0 0 0 0 0 0 0 0 1 0 0 0 0 0 0 1 0 0 1 1 0 0 0 1 1 0 0 0 0 0 0 0 0 0 1 1 0 1 0 0 0 0 0 0 0 1 1 0 0 1 0 1 1 0 1 0 1 0 1 1 1 1 0 0 0 0 0 1 0 0 0 0 0 0 0 0 0 1 1 1 0 0 0 0 0 1 1 0 0 0 1 1 0 0 1 1 0 1 0 0 1 1 1 0 0 0 0 1 0 0 0 0 0 0 1 0 1 1
has_gpu
0 1 1 1 0 0 1 1 0 0 1 0 0 0 0 1 0 1 1 0 0 1 1 0 0 0 1 0 1 1 0 1 0 0 0 1 0 0 1 1 0 1 0 0 0 1 1 0 0 1 0 1 1 0 1 0 1 0 0 0 1 0 0 0 0 1 0 0 1 0 0 1 1 0 1 0 0 1 1 1 0 0 0 0 0 0 0 1 1 1 0 0 0 0 0 1 0 1 0 1 0 0 0 0 0 0 0 1 0 0 1 1 0 1 0 0 0 1 0 0 0 0 0 1 0 0 1 0 0 1 1 1 1 1 0 0 0 1 1 0 0 0 1 0 0 0 0 0 0 0 0 0 0 1 1 0 0 0 0 1 0 0 0 0 0 0 0 1 0 1 1 1 0 0 0 0 0 0 1 0 1 1 0 1 0 0 0 0 1 1 0 0 1 0 0 0 1 1 0 0 1 0 0 0 1 0 0 0 0 0 0 0 0 0 0 0 0 0 0 0 0 1 0 0 1 0 1 0 1
bandwidth
1,0 82
2,0 140
3,1 103
4,0 103
5,1 189
6,5 119
7,1 199
8,5 120
9,10 156
10,11 164
11,12 110
12,13 80
15,14 85
16,15 144
17,15 67
17,19 106
17,26 76
18,16 59
19,14 81
19,15 115
20,19 116
21,16 56
22,20 59
23,14 197
24,23 152
24,16 96
25,22 187
25,14 183
26,17 106
28,27 68
29,27 58
30,29 75
31,29 82
33,32 174
34,33 156
35,33 108
36,34 59
37,33 128
38,34 116
39,35 147
40,34 167
41,38 115
42,40 141
43,34 181
44,45 101
45,46 123
46,47 146
49,48 74
50,49 67
51,48 51
52,49 145
53,48 129
54,51 130
55,50 145
56,49 189
58,57 93
59,58 65
60,59 92
60,62 81
60,57 117
61,59 101
62,60 77
62,59 187
63,57 67
63,67 191
63,61 153
64,58 185
65,59 194
65,64 160
66,57 172
66,60 198
67,64 83
67,65 134
68,63 83
68,65 101
70,69 144
70,75 120
71,70 89
72,70 176
73,71 191
74,70 188
74,73 55
75,72 85
76,75 136
77,71 137
78,74 196
79,78 97
81,80 125
82,80 106
83,80 62
84,81 149
85,80 107
86,85 150
86,93 93
87,81 180
88,85 97
89,83 123
90,80 94
91,80 146
92,91 146
92,90 102
93,86 83
95,94 121
96,94 129
97,96 174
98,95 165
99,98 200
100,101 87
101,102 151
103,104 79
104,105 128
105,106 107
106,107 135
107,108 143
109,111 161
110,109 184
110,111 136
111,110 86
113,112 180
113,120 122
113,117 183
114,113 91
115,112 174
115,120 69
116,115 102
116,120 60
117,112 166
118,112 155
119,118 163
120,119 118
120,113 175
120,112 66
122,121 65
123,121 59
124,123 166
125,132 105
125,126 150
125,133 84
126,125 61
126,130 80
126,135 193
127,125 120
127,135 100
128,127 173
129,128 185
130,128 130
130,125 115
131,126 150
131,130 87
132,127 125
133,127 81
133,135 175
133,125 120
134,132 53
135,129 98
137,136 141
138,137 186
138,141 53
138,144 58
139,137 85
139,145 182
140,136 79
140,137 155
141,136 119
142,139 78
143,140 147
144,140 140
145,142 128
146,139 57
147,149 175
148,147 71
149,148 129
150,147 195
150,149 86
152,151 86
153,152 127
154,153 186
155,154 167
156,152 148
157,155 82
159,158 83
160,158 156
161,158 71
162,160 142
163,161 103
164,161 95
165,159 134
166,158 191
167,163 163
168,166 179
169,161 154
170,168 70
171,160 131
172,168 92
174,173 118
175,174 111
176,173 175
177,174 91
178,177 192
179,175 193
180,174 144
181,177 110
182,174 119
183,182 185
184,183 78
185,175 82
186,181 182
187,189 94
188,187 192
188,192 74
189,187 129
189,193 146
189,192 67
190,188 117
190,192 168
191,187 173
192,191 180
193,190 123
195,194 165
196,195 112
197,195 135
197,199 165
197,206 142
198,196 165
199,194 84
199,195 171
200,199 165
201,196 181
202,200 79
203,194 76
204,203 72
204,196 159
205,202 158
205,194 181
206,197 123
208,207 56
209,208 65
210,207 71
211,209 89
212,210 198
213,207 129
214,207 97
215,211 73
216,215 128
217,207 79
218,213 61
219,211 161
220,209 50
221,209 195
223,222 170
224,223 121
224,228 82
225,223 58
225,222 90
226,225 74
227,224 191
227,226 113
228,223 55
latency
1,0 4
2,0 4
3,1 3
4,0 4
5,1 2
6,5 2
7,1 3
8,5 3
9,10 3
10,11 3
11,12 4
12,13 3
15,14 3
16,15 2
17,15 3
17,19 4
17,26 3
18,16 3
19,14 4
19,15 4
20,19 4
21,16 3
22,20 4
23,14 4
24,23 4
24,16 4
25,22 3
25,14 2
26,17 4
28,27 4
29,27 4
30,29 4
31,29 3
33,32 2
34,33 3
35,33 3
36,34 3
37,33 3
38,34 2
39,35 3
40,34 4
41,38 4
42,40 2
43,34 2
44,45 3
45,46 3
46,47 3
49,48 4
50,49 4
51,48 3
52,49 4
53,48 4
54,51 2
55,50 3
56,49 3
58,57 2
59,58 4
60,59 4
60,62 2
60,57 3
61,59 4
62,60 2
62,59 3
63,57 4
63,67 4
63,61 2
64,58 2
65,59 3
65,64 4
66,57 4
66,60 4
67,64 4
67,65 2
68,63 3
68,65 4
70,69 4
70,75 3
71,70 4
72,70 4
73,71 4
74,70 4
74,73 3
75,72 3
76,75 3
77,71 4
78,74 3
79,78 4
81,80 4
82,80 4
83,80 2
84,81 4
85,80 4
86,85 3
86,93 4
87,81 3
88,85 2
89,83 3
90,80 4
91,80 4
92,91 4
92,90 4
93,86 3
95,94 3
96,94 2
97,96 3
98,95 4
99,98 4
100,101 4
101,102 4
103,104 3
104,105 4
105,106 4
106,107 3
107,108 4
109,111 4
110,109 3
110,111 4
111,110 2
113,112 4
113,120 3
113,117 4
114,113 3
115,112 3
115,120 2
116,115 3
116,120 3
117,112 3
118,112 4
119,118 4
120,119 4
120,113 4
120,112 3
122,121 3
123,121 4
124,123 4
125,132 3
125,126 4
125,133 3
126,125 4
126,130 3
126,135 4
127,125 3
127,135 4
128,127 2
129,128 4
130,128 2
130,125 3
131,126 3
131,130 3
132,127 4
133,127 4
133,135 4
133,125 2
134,132 3
135,129 2
137,136 2
138,137 4
138,141 3
138,144 4
139,137 4
139,145 3
140,136 3
140,137 4
141,136 4
142,139 3
143,140 4
144,140 4
145,142 4
146,139 3
147,149 3
148,147 4
149,148 4
150,147 3
150,149 3
152,151 3
153,152 3
154,153 3
155,154 4
156,152 4
157,155 2
159,158 3
160,158 3
161,158 4
162,160 2
163,161 4
164,161 3
165,159 4
166,158 4
167,163 4
168,166 2
169,161 3
170,168 3
171,160 4
172,168 3
174,173 3
175,174 3
176,173 4
177,174 3
178,177 3
179,175 3
180,174 3
181,177 4
182,174 4
183,182 4
184,183 3
185,175 4
186,181 2
187,189 2
188,187 4
188,192 3
189,187 3
189,193 3
189,192 3
190,188 3
190,192 2
191,187 4
192,191 3
193,190 4
195,194 3
196,195 4
197,195 4
197,199 4
197,206 4
198,196 4
199,194 3
199,195 3
200,199 4
201,196 2
202,200 3
203,194 4
204,203 3
204,196 3
205,202 3
205,194 4
206,197 4
208,207 4
209,208 4
210,207 4
211,209 3
212,210 4
213,207 4
214,207 4
215,211 2
216,215 4
217,207 3
218,213 3
219,211 4
220,209 3
221,209 3
223,222 3
224,223 3
224,228 4
225,223 4
225,222 4
226,225 4
227,224 2
227,226 3
228,223 3
