core
13 59 28 171 197 151 94 92 169 242 99 546 692 564 70 43 196 250 232 82 829 584 679 166 138 14 74 362 129 33 134 233 36 146 86 445 41 106 492 130 145 52 417 101 222 101 62 769 184 72 199 195 442 147 26 123 35 59 24 128 92 185 196 133 109 167 479 353 812 656 194 206 124 67 97 146 191 112 372 434 41 26 131 526 129 138 107 37 189 6 15 437 205 681 244 47 578 157 111 205 29 93 131 856 74 38 674 172 65 182 117 804 201 166 734 215 192 247 155 41 547 23 129 156 9 32 30 45 190 194 149 116 822 445 483 90 44 88 603 59 113 445 167 245 38 894 615 88 103 108 55 65 179 161 366 668 149 120 244 192 59 492 67 186 92 56 650 128 194 121 164 16 510 10 842 203 201 206 687 132 168 30 86 33 22 850 435 120 185 152 21 120 39 241 179 149 862 519 193 34 408 750 831 147 222 88 197 65 47 8 101 90 566 418 211 32 176 19 207 196 840 233 80 42 496 42 35 146 100 863 107 631 170 222 194 47 107 34 38 236 566 881 203 150 33 822 242 189 188 49
has_camera
1 0 1 0 0 0 1 1 1 0 0 0 0 0 1 1 0 0 0 0 0 0 0 0 1 1 1 0 1 0 0 1 0 0 0 0 1 0 0 0 0 1 0 0 1 0 1 0 0 0 0 0 0 1 0 0 1 1 1 0 0 1 1 0 0 0 0 0 0 0 1 0 1 1 0 0 0 0 0 0 1 1 0 0 1 1 1 0 1 0 0 0 0 0 0 0 0 1 0 0 1 1 1 0 0 0 0 1 0 0 0 0 0 0 0 0 0 1 0 1 0 1 1 0 0 0 1 0 0 0 0 0 0 0 0 0 1 0 0 0 0 0 0 1 1 0 0 1 1 0 0 1 0 1 0 0 0 0 1 0 1 0 1 0 0 1 0 0 0 0 1 1 0 1 0 0 0 1 0 1 0 1 0 0 1 0 0 0 1 0 1 1 1 1 1 0 0 0 0 0 0 0 0 0 0 0 0 1 1 0 0 1 0 0 0 1 0 0 0 1 0 0 0 1 0 1 1 0 0 0 0 0 1 0 0 1 0 0 1 0 0 0 0 0 0 0 0 0 1 1
has_gpu
0 1 1 1 0 0 0 1 0 1 1 0 0 0 0 1 0 0 0 1 0 0 0 0 0 0 1 0 1 1 0 0 0 0 0 0 0 1 0 1 1 0 0 0 1 0 1 0 1 0 1 1 0 1 0 1 0 1 0 0 1 0 1 1 0 0 0 0 0 0 1 0 1 0 0 1 0 1 0 0 0 0 1 0 0 1 1 0 1 1 1 0 0 0 0 0 0 0 0 0 0 0 0 0 0 0 0 0 0 0 1 0 1 1 0 0 1 1 0 1 0 1 1 1 0 0 1 0 0 1 1 1 0 0 0 1 0 0 0 1 0 0 1 1 0 0 0 0 0 1 0 1 0 0 0 0 1 1 1 1 0 0 0 0 1 1 0 1 0 1 1 0 0 0 0 1 0 1 0 0 0 1 0 0 0 0 0 1 0 1 0 1 0 1 0 1 0 0 1 0 0 0 0 1 1 0 0 0 1 0 0 0 0 0 1 1 1 0 0 1 0 0 0 0 0 1 0 0 0 0 1 0 1 1 0 0 0 1 0 0 0 0 1 1 0 0 1 1 0 0
bandwidth
0,1 137
1,2 170
2,3 157
3,4 83
4,5 150
5,6 125
6,7 173
7,8 62
8,9 169
9,10 162
10,11 107
11,12 62
12,13 83
14,15 128
15,16 146
16,17 131
17,18 84
18,19 149
19,20 100
20,21 178
22,25 69
23,22 78
24,23 87
24,25 116
25,24 174
26,25 132
26,23 169
26,24 58
28,27 198
29,28 92
30,27 158
31,27 78
32,31 69
33,28 178
34,28 52
35,27 112
36,34 115
37,35 94
39,38 149
40,38 68
41,39 149
42,38 189
43,39 168
44,39 166
45,42 103
46,44 102
48,47 74
49,48 67
50,47 51
51,48 145
52,47 129
53,50 130
54,49 145
55,48 189
56,57 93
57,58 72
58,59 100
59,60 133
60,61 175
61,62 184
62,63 112
63,64 117
64,65 127
65,66 141
66,67 171
67,68 56
70,69 110
71,70 60
72,69 121
73,71 116
74,71 173
75,69 101
76,72 187
77,69 91
78,69 75
79,69 98
80,74 59
81,73 86
82,77 127
83,88 151
83,91 144
84,83 96
84,90 140
85,83 84
85,89 81
86,83 81
86,87 150
87,85 61
88,83 162
89,84 146
89,87 98
90,88 170
91,83 50
92,91 136
92,84 169
92,86 158
94,93 151
95,94 133
97,96 56
98,97 65
99,96 71
100,98 89
101,99 198
102,96 129
103,96 97
104,100 73
105,104 128
106,96 79
107,102 61
108,100 161
109,98 50
110,98 195
112,111 117
113,111 97
114,111 110
115,113 96
116,115 143
117,116 154
118,115 85
119,117 199
120,111 96
121,117 61
122,115 143
123,122 129
124,121 97
125,121 102
126,127 73
127,128 163
128,129 173
129,130 197
130,131 190
131,132 129
132,133 82
135,134 70
136,135 93
137,134 167
138,134 102
139,138 69
140,135 153
142,141 190
143,141 116
144,142 60
145,141 103
146,141 67
147,143 113
148,145 68
149,145 175
150,144 66
151,149 96
152,145 62
153,142 185
155,154 124
156,155 149
157,156 122
158,156 167
159,157 147
160,159 92
161,155 54
162,160 161
163,156 126
164,161 107
165,159 145
167,166 111
168,166 53
169,166 141
170,169 200
171,170 105
172,166 74
173,170 111
174,175 112
175,174 113
176,175 128
176,179 177
177,174 136
178,174 122
178,185 175
179,177 59
179,174 124
180,177 168
181,180 99
182,178 152
182,176 170
183,181 193
184,176 90
185,174 96
185,181 183
185,179 96
187,186 52
188,186 131
189,186 88
190,187 87
191,186 151
192,191 128
192,199 107
193,187 65
194,191 129
195,189 127
196,186 102
197,186 50
198,197 168
198,196 72
199,192 60
201,200 127
202,200 132
203,202 179
204,201 121
205,202 72
206,201 142
206,203 76
207,206 200
207,200 147
208,203 51
209,207 108
209,210 74
209,200 172
210,205 166
210,209 184
210,203 92
211,205 186
213,212 189
213,216 140
213,215 126
214,213 83
215,214 197
215,213 117
216,214 159
217,215 135
217,219 177
217,214 130
218,213 192
218,219 61
219,214 105
219,217 195
221,220 161
222,220 125
223,222 146
225,224 131
226,224 136
227,224 139
228,224 82
230,229 51
231,229 161
232,230 55
233,231 72
234,232 189
235,234 200
236,232 188
237,235 112
238,237 101
239,234 89
240,229 144
242,241 189
243,241 159
244,242 60
245,241 191
246,242 50
247,242 157
248,245 93
249,247 148
latency
0,1 2
1,2 3
2,3 4
3,4 3
4,5 3
5,6 4
6,7 3
7,8 2
8,9 4
9,10 4
10,11 4
11,12 4
12,13 4
14,15 4
15,16 3
16,17 4
17,18 4
18,19 3
19,20 4
20,21 3
22,25 3
23,22 3
24,23 4
24,25 4
25,24 4
26,25 3
26,23 3
26,24 4
28,27 3
29,28 4
30,27 4
31,27 2
32,31 3
33,28 3
34,28 4
35,27 4
36,34 3
37,35 2
39,38 3
40,38 3
41,39 4
42,38 4
43,39 4
44,39 4
45,42 2
46,44 3
48,47 4
49,48 4
50,47 3
51,48 4
52,47 4
53,50 2
54,49 3
55,48 3
56,57 2
57,58 4
58,59 2
59,60 3
60,61 4
61,62 4
62,63 2
63,64 4
64,65 2
65,66 4
66,67 3
67,68 3
70,69 2
71,70 4
72,69 3
73,71 2
74,71 4
75,69 3
76,72 3
77,69 4
78,69 4
79,69 2
80,74 3
81,73 3
82,77 4
83,88 3
83,91 2
84,83 3
84,90 4
85,83 2
85,89 4
86,83 3
86,87 4
87,85 3
88,83 3
89,84 4
89,87 3
90,88 4
91,83 4
92,91 3
92,84 4
92,86 3
94,93 3
95,94 4
97,96 4
98,97 4
99,96 4
100,98 3
101,99 4
102,96 4
103,96 4
104,100 2
105,104 4
106,96 3
107,102 3
108,100 4
109,98 3
110,98 3
112,111 3
113,111 3
114,111 4
115,113 3
116,115 4
117,116 2
118,115 4
119,117 2
120,111 4
121,117 4
122,115 3
123,122 2
124,121 4
125,121 4
126,127 3
127,128 4
128,129 3
129,130 3
130,131 3
131,132 4
132,133 2
135,134 2
136,135 4
137,134 3
138,134 2
139,138 3
140,135 4
142,141 2
143,141 4
144,142 3
145,141 2
146,141 4
147,143 4
148,145 3
149,145 3
150,144 2
151,149 3
152,145 3
153,142 3
155,154 4
156,155 4
157,156 3
158,156 3
159,157 3
160,159 2
161,155 3
162,160 3
163,156 3
164,161 3
165,159 2
167,166 4
168,166 4
169,166 3
170,169 4
171,170 3
172,166 3
173,170 2
174,175 3
175,174 3
176,175 4
176,179 4
177,174 3
178,174 4
178,185 3
179,177 4
179,174 3
180,177 3
181,180 3
182,178 2
182,176 3
183,181 4
184,176 3
185,174 3
185,181 2
185,179 3
187,186 4
188,186 4
189,186 4
190,187 3
191,186 2
192,191 4
192,199 3
193,187 3
194,191 4
195,189 3
196,186 2
197,186 3
198,197 4
198,196 4
199,192 2
201,200 3
202,200 2
203,202 3
204,201 4
205,202 4
206,201 4
206,203 2
207,206 4
207,200 4
208,203 3
209,207 3
209,210 3
209,200 2
210,205 3
210,209 3
210,203 3
211,205 3
213,212 3
213,216 2
213,215 3
214,213 4
215,214 3
215,213 4
216,214 3
217,215 4
217,219 2
217,214 4
218,213 4
218,219 4
219,214 4
219,217 4
221,220 3
222,220 3
223,222 4
225,224 3
226,224 3
227,224 4
228,224 3
230,229 3
231,229 4
232,230 3
233,231 4
234,232 4
235,234 4
236,232 2
237,235 3
238,237 4
239,234 3
240,229 2
242,241 3
243,241 3
244,242 3
245,241 3
246,242 3
247,242 4
248,245 2
249,247 3
