core
648 369 154 149 240 250 242 34 26 713 226 110 7 68 13 27 94 145 167 640 788 890 22 169 216 223 68 780 857 823 779 181 192 130 180 218 168 55 246 40 48 41 48 34 165 146 248 224 168 194 109 720 678 672 799 118 92 232 69 88 225 444 48 18 816 55 165 153 88 786 44 225 239 54 61 37 130 231 176 226 160 488 872 51 42 137 186 92 656 736 58 175 662 246 32 104 428 198 31 103 218 23 131 735 201 61 786 44 225 239 75 62 118 116 226 198 640 550 8 61 47 8 222 97 129 97 117 129 188 190 547 529 435 544 203 235 777 101 85 194 46 39 726 139 11 125 33 73 8 246 87 177 202 235 102 798 694 578 486 121 177 35 5 448 211 167 68 220 34 407 233 191 101 887 119 207 9 213 24 50 874 632 100 241 23 35 171 131 354 724 136 224 247 143 463 22 41 681 84 142 21 15 605 30 192 173
has_camera
0 0 0 0 0 0 0 1 0 0 0 1 0 0 1 1 0 0 0 0 0 0 0 0 0 1 1 0 0 0 0 1 0 0 0 1 1 0 1 1 1 0 0 1 1 0 0 0 0 1 0 0 0 0 0 0 1 0 0 0 0 0 0 0 0 0 1 1 1 0 0 0 0 0 1 0 0 0 1 0 1 0 0 0 0 0 0 1 0 0 0 0 0 0 1 1 0 0 1 0 0 0 1 0 1 1 0 0 0 0 0 1 0 0 0 1 0 0 1 1 0 1 0 0 1 1 0 0 0 0 0 0 0 0 1 0 0 0 1 0 1 1 0 0 1 1 1 1 0 0 0 0 0 0 0 0 0 0 0 1 0 1 1 0 0 0 0 0 1 0 1 0 0 0 0 0 1 0 1 1 0 0 0 1 0 0 1 0 0 0 1 0 0 0 0 0 1 0 0 0 1 1 0 1 1 1
has_gpu
0 0 1 0 0 0 0 0 1 0 0 0 0 1 1 1 0 1 0 0 0 0 0 1 1 0 1 0 0 0 0 1 1 1 1 1 0 0 0 0 0 0 0 1 0 1 1 1 1 1 1 0 0 0 0 1 0 0 0 1 0 0 1 0 0 0 1 0 1 0 0 0 0 1 1 1 0 1 0 1 1 0 0 1 1 1 0 0 0 0 0 1 0 0 1 1 0 0 0 1 1 1 1 0 0 0 0 0 0 0 1 0 0 0 1 0 0 0 0 0 0 0 0 0 1 0 0 0 1 0 0 0 0 0 0 0 0 1 0 1 0 1 0 0 0 0 1 1 0 1 0 0 0 1 0 0 0 0 0 1 1 1 0 0 1 0 1 0 1 0 1 1 0 0 0 0 1 0 0 0 0 0 0 0 0 0 1 1 0 0 0 0 0 0 0 0 0 0 0 0 0 0 0 0 1 1
bandwidth
0,8 192
0,1 106
1,0 109
2,1 54
3,1 119
4,1 53
5,1 87
6,1 122
7,2 84
8,6 83
9,13 178
10,9 145
11,10 91
11,12 131
12,11 82
13,11 122
13,12 66
13,9 153
14,15 150
15,16 155
16,17 196
17,18 90
18,19 124
19,20 193
21,26 134
21,27 167
22,21 133
23,21 56
24,21 140
24,27 83
25,21 174
26,23 155
27,21 84
29,28 164
30,28 120
31,30 52
32,31 74
33,31 99
34,30 165
35,30 129
36,33 149
37,36 172
38,33 50
39,38 94
40,36 100
41,42 113
42,43 73
43,44 87
44,45 125
45,46 96
46,47 95
47,48 60
48,49 151
49,50 61
50,51 178
51,52 196
52,53 193
54,55 50
55,54 170
56,54 154
56,64 127
57,55 196
58,57 187
58,56 58
59,55 146
60,54 109
60,66 161
61,54 52
62,57 199
63,58 198
64,54 112
64,56 90
65,57 158
65,56 200
66,57 111
66,59 157
66,60 106
67,57 80
68,55 169
68,60 146
70,69 170
71,69 134
72,69 111
73,74 73
74,75 96
75,76 167
76,77 170
77,78 147
78,79 199
79,80 197
80,81 59
81,82 149
83,84 90
84,85 181
85,86 169
86,87 159
87,88 171
89,91 168
89,90 129
90,89 84
91,89 176
92,94 145
93,92 172
94,93 120
95,92 134
95,94 183
97,96 85
97,104 193
98,97 50
98,100 121
98,104 168
99,96 105
100,96 67
101,99 138
102,96 140
102,103 137
103,96 159
103,99 73
104,103 90
104,97 180
105,98 122
107,106 170
108,106 134
109,106 111
110,111 153
111,112 116
112,113 141
113,114 101
114,115 151
115,116 102
116,117 174
118,119 98
119,120 150
120,121 99
121,122 105
122,123 77
123,124 99
124,125 93
125,126 185
126,127 185
127,128 114
128,129 162
129,130 105
130,131 135
131,132 62
134,133 55
135,133 110
136,133 56
136,142 97
137,136 131
138,136 188
138,133 74
139,134 150
140,139 144
141,138 67
142,133 178
142,143 111
143,134 200
144,139 165
145,142 115
146,147 172
147,148 130
148,149 193
149,150 110
150,151 140
151,152 141
152,153 187
153,154 53
154,155 180
155,156 102
156,157 133
158,161 103
159,158 60
160,159 152
160,161 156
161,160 51
162,161 96
162,159 75
162,160 76
164,163 121
165,163 129
166,165 174
167,164 165
168,167 200
169,170 197
170,169 80
171,170 92
171,174 61
172,169 173
173,169 59
173,180 124
174,172 112
174,169 151
175,172 79
176,175 71
177,173 192
177,171 54
178,176 135
179,171 108
180,169 111
180,176 186
180,174 110
181,183 117
182,181 157
183,181 192
183,184 98
184,183 82
185,186 101
186,187 123
187,188 146
190,189 174
190,196 90
191,189 64
191,190 123
192,189 62
192,193 147
192,196 58
193,189 159
194,189 90
194,190 136
195,194 97
195,191 72
196,191 153
198,197 164
199,197 162
200,198 124
201,198 165
203,202 154
204,202 91
205,202 121
latency
0,8 4
0,1 4
1,0 4
2,1 4
3,1 3
4,1 2
5,1 3
6,1 3
7,2 3
8,6 3
9,13 3
10,9 3
11,10 3
11,12 3
12,11 3
13,11 2
13,12 4
13,9 4
14,15 2
15,16 3
16,17 2
17,18 4
18,19 2
19,20 3
21,26 3
21,27 4
22,21 4
23,21 2
24,21 4
24,27 4
25,21 3
26,23 4
27,21 3
29,28 4
30,28 2
31,30 2
32,31 4
33,31 4
34,30 4
35,30 3
36,33 4
37,36 4
38,33 4
39,38 4
40,36 3
41,42 2
42,43 3
43,44 4
44,45 4
45,46 4
46,47 3
47,48 4
48,49 4
49,50 4
50,51 4
51,52 3
52,53 4
54,55 3
55,54 3
56,54 2
56,64 4
57,55 3
58,57 3
58,56 4
59,55 3
60,54 2
60,66 4
61,54 3
62,57 3
63,58 3
64,54 3
64,56 3
65,57 3
65,56 2
66,57 3
66,59 2
66,60 3
67,57 4
68,55 3
68,60 3
70,69 4
71,69 3
72,69 3
73,74 4
74,75 4
75,76 3
76,77 2
77,78 3
78,79 4
79,80 4
80,81 3
81,82 4
83,84 4
84,85 3
85,86 3
86,87 3
87,88 4
89,91 4
89,90 3
90,89 2
91,89 3
92,94 3
93,92 4
94,93 4
95,92 4
95,94 3
97,96 2
97,104 3
98,97 4
98,100 2
98,104 3
99,96 3
100,96 3
101,99 4
102,96 3
102,103 3
103,96 3
103,99 3
104,103 2
104,97 3
105,98 3
107,106 4
108,106 3
109,106 3
110,111 4
111,112 2
112,113 2
113,114 2
114,115 3
115,116 3
116,117 4
118,119 4
119,120 3
120,121 3
121,122 3
122,123 3
123,124 4
124,125 4
125,126 4
126,127 4
127,128 3
128,129 3
129,130 3
130,131 4
131,132 3
134,133 3
135,133 4
136,133 3
136,142 2
137,136 4
138,136 4
138,133 3
139,134 4
140,139 3
141,138 3
142,133 4
142,143 3
143,134 3
144,139 4
145,142 3
146,147 3
147,148 3
148,149 3
149,150 4
150,151 4
151,152 4
152,153 4
153,154 2
154,155 3
155,156 2
156,157 2
158,161 3
159,158 4
160,159 3
160,161 3
161,160 2
162,161 2
162,159 4
162,160 3
164,163 3
165,163 2
166,165 3
167,164 4
168,167 4
169,170 3
170,169 3
171,170 2
171,174 3
172,169 3
173,169 3
173,180 4
174,172 4
174,169 4
175,172 3
176,175 4
177,173 3
177,171 4
178,176 3
179,171 4
180,169 3
180,176 4
180,174 3
181,183 4
182,181 3
183,181 4
183,184 3
184,183 3
185,186 3
186,187 3
187,188 3
190,189 2
190,196 4
191,189 4
191,190 2
192,189 3
192,193 4
192,196 4
193,189 2
194,189 4
194,190 3
195,194 4
195,191 4
196,191 3
198,197 4
199,197 3
200,198 2
201,198 2
203,202 4
204,202 3
205,202 3
