core
657 99 150 226 550 231 198 68 56 12 214 74 178 588 103 19 27 62 214 140 177 179 160 221 858 394 533 407 111 195 212 40 782 30 170 36 31 173 192 95 678 771 552 195 23 647 218 209 31 36 568 182 185 195 483 36 244 47 160 68 841 243 188 198 386 151 179 50 853 198 121 118 69 54 75 51 88 230 206 127 166 104 134 218 580 517 409 591 241 206 71 376 19 138 117 33 73 8 246 87 177 202 235 102 798 694 578 445 222 26 587 226 137 175 87 45 798 61 50 159 873 148 833 687 140 133 71 118 112 145 46 11 203 232 393 181 169 25 644 63 154 87 459 231 106 167 147 45 197 34 668 795 17 177 194 169 34 611 213 135 88 128 15 358 44 864 222 195 114 13 73 129 53 109 206 678 202 808 193 786 123 111 54 14 151 160 130 14 508 531 229 215 522 217 164 118 34 71 33 673 561 121 58 91 25 250 190 729 100 55 662 13 233 128
has_camera
0 1 0 1 0 1 0 0 0 1 1 1 0 0 1 1 1 0 0 0 0 0 0 0 0 0 0 0 0 0 0 1 0 0 0 1 0 0 0 1 0 0 0 0 0 0 0 0 1 0 0 0 0 0 0 1 0 0 0 0 0 1 1 0 0 0 0 0 0 0 0 0 0 0 1 1 1 1 0 1 0 0 0 0 0 0 0 0 1 0 1 0 1 0 0 1 1 0 0 0 0 0 0 0 0 0 0 0 0 0 0 0 0 1 0 0 0 1 0 1 0 0 0 0 0 1 0 1 1 1 1 0 0 1 0 0 0 0 0 0 1 0 0 0 1 1 0 0 0 0 0 0 0 0 0 1 1 0 0 0 1 1 0 0 1 0 1 0 1 0 1 0 0 1 0 0 0 0 0 0 1 0 1 0 0 1 1 1 0 0 0 0 0 1 0 1 0 0 1 0 0 0 0 0 1 0 1 0 1 1 0 0 0 0
has_gpu
0 1 0 1 0 0 1 0 1 1 0 1 0 0 0 1 0 0 1 0 1 1 0 1 0 0 0 0 0 1 0 0 0 0 0 1 0 1 1 0 0 0 0 0 0 0 0 0 0 1 0 1 0 0 0 1 0 1 1 1 0 0 0 1 0 0 1 0 0 1 1 1 0 0 0 0 0 1 1 0 1 0 0 0 0 0 0 0 1 0 1 0 0 0 0 1 1 0 1 0 0 0 1 0 0 0 0 0 1 0 0 0 0 0 0 0 0 0 0 0 0 0 0 0 1 0 1 1 0 0 1 0 0 0 0 0 0 0 0 1 1 1 0 0 1 1 0 0 0 1 0 0 1 0 1 1 1 0 0 1 1 0 0 0 0 0 0 0 1 1 0 1 0 0 0 0 0 0 0 0 1 1 0 0 0 1 1 0 0 0 1 1 0 0 1 1 0 1 1 0 0 0 0 1 0 1 0 0 1 0 0 0 1 0
bandwidth
1,0 194
1,12 50
1,5 131
2,0 176
2,7 111
3,1 153
4,0 105
4,9 88
5,4 162
6,4 116
6,7 187
7,3 130
8,7 174
9,7 61
9,10 117
10,6 121
11,9 100
12,6 139
12,4 193
13,0 53
14,2 122
14,1 82
14,4 168
15,16 135
16,17 129
17,18 158
18,19 151
19,20 121
20,21 130
21,22 66
22,23 182
23,24 173
24,25 96
25,26 94
27,31 196
28,27 67
29,27 119
30,29 150
31,30 164
32,27 162
33,30 160
33,34 129
34,29 103
34,30 195
34,32 181
35,36 168
36,37 108
37,38 177
38,39 58
39,40 96
40,41 198
42,44 80
43,42 164
43,44 148
44,43 138
46,45 92
47,45 86
48,47 76
49,47 128
50,63 77
51,50 88
52,51 124
53,51 137
53,59 125
54,50 50
54,57 178
55,53 197
56,52 144
57,55 134
57,52 123
58,54 174
58,52 67
59,56 70
60,50 196
61,58 125
62,60 68
63,58 141
65,64 136
66,64 61
67,65 134
68,64 151
69,65 144
70,65 157
71,68 149
72,70 103
73,74 93
74,75 184
75,76 79
76,77 166
77,78 136
78,79 69
79,80 88
80,81 175
81,82 63
82,83 160
83,84 157
84,85 97
85,86 169
87,89 64
88,87 61
89,87 114
90,88 147
91,87 125
91,93 82
91,88 171
92,91 137
93,89 98
94,88 108
95,96 172
96,97 130
97,98 193
98,99 110
99,100 140
100,101 141
101,102 187
102,103 53
103,104 180
104,105 102
105,106 133
107,109 144
108,107 123
108,109 77
109,108 143
111,110 66
112,110 178
113,112 79
114,112 101
115,114 112
116,110 165
117,113 129
118,115 103
119,114 143
121,120 131
122,120 112
123,120 122
124,121 140
125,122 188
126,125 100
127,125 110
128,123 123
129,121 80
130,127 65
131,126 198
132,122 138
133,128 115
134,136 174
135,134 56
136,134 50
137,135 80
138,134 171
138,140 116
138,135 173
139,138 134
140,136 61
141,135 69
143,142 163
143,146 117
144,142 141
145,143 57
146,145 188
147,146 141
148,145 164
149,146 118
149,152 102
149,144 113
150,142 70
151,142 174
152,147 141
152,156 56
153,151 133
154,151 75
154,150 178
155,143 92
155,147 74
156,148 195
158,157 192
159,158 163
160,157 78
161,160 94
162,161 70
163,157 108
164,161 189
166,165 83
167,165 183
168,165 55
169,168 92
169,172 136
170,169 62
171,165 171
171,174 80
172,171 187
173,167 129
174,166 81
175,165 157
176,171 53
176,177 85
177,165 147
178,171 179
180,179 78
181,179 104
182,180 89
183,182 200
184,179 136
185,184 145
186,181 79
187,186 117
188,179 70
190,189 77
191,190 145
192,189 141
193,190 91
194,192 132
195,190 122
196,195 67
197,191 164
198,193 52
200,199 143
200,203 164
200,202 135
201,200 180
202,201 146
202,200 152
203,201 79
204,202 189
204,206 179
204,201 85
205,200 198
205,206 53
206,201 195
206,204 185
207,209 120
208,207 104
208,209 96
209,208 66
211,210 197
212,210 172
212,213 135
213,210 60
latency
1,0 3
1,12 3
1,5 2
2,0 3
2,7 4
3,1 3
4,0 4
4,9 4
5,4 3
6,4 2
6,7 3
7,3 4
8,7 4
9,7 2
9,10 3
10,6 2
11,9 3
12,6 2
12,4 4
13,0 4
14,2 4
14,1 4
14,4 3
15,16 3
16,17 3
17,18 4
18,19 4
19,20 4
20,21 4
21,22 4
22,23 3
23,24 4
24,25 4
25,26 4
27,31 4
28,27 2
29,27 2
30,29 3
31,30 4
32,27 3
33,30 3
33,34 4
34,29 2
34,30 3
34,32 4
35,36 4
36,37 3
37,38 3
38,39 4
39,40 3
40,41 3
42,44 4
43,42 2
43,44 4
44,43 3
46,45 3
47,45 3
48,47 3
49,47 2
50,63 3
51,50 4
52,51 3
53,51 4
53,59 3
54,50 2
54,57 4
55,53 3
56,52 4
57,55 4
57,52 4
58,54 3
58,52 4
59,56 3
60,50 3
61,58 3
62,60 3
63,58 3
65,64 3
66,64 2
67,65 4
68,64 3
69,65 2
70,65 3
71,68 4
72,70 3
73,74 4
74,75 4
75,76 2
76,77 3
77,78 3
78,79 3
79,80 2
80,81 4
81,82 3
82,83 2
83,84 3
84,85 2
85,86 3
87,89 3
88,87 3
89,87 4
90,88 4
91,87 4
91,93 4
91,88 3
92,91 2
93,89 3
94,88 4
95,96 3
96,97 3
97,98 3
98,99 4
99,100 4
100,101 4
101,102 4
102,103 2
103,104 3
104,105 2
105,106 2
107,109 2
108,107 3
108,109 4
109,108 2
111,110 3
112,110 4
113,112 4
114,112 2
115,114 3
116,110 2
117,113 4
118,115 3
119,114 3
121,120 2
122,120 3
123,120 3
124,121 4
125,122 3
126,125 3
127,125 4
128,123 3
129,121 2
130,127 3
131,126 3
132,122 2
133,128 3
134,136 2
135,134 3
136,134 4
137,135 3
138,134 2
138,140 4
138,135 4
139,138 4
140,136 4
141,135 2
143,142 2
143,146 4
144,142 4
145,143 2
146,145 3
147,146 3
148,145 4
149,146 4
149,152 3
149,144 3
150,142 4
151,142 3
152,147 3
152,156 4
153,151 2
154,151 4
154,150 2
155,143 2
155,147 3
156,148 4
158,157 3
159,158 4
160,157 4
161,160 2
162,161 4
163,157 3
164,161 2
166,165 4
167,165 3
168,165 4
169,168 4
169,172 2
170,169 4
171,165 3
171,174 3
172,171 3
173,167 4
174,166 4
175,165 3
176,171 4
176,177 4
177,165 3
178,171 4
180,179 2
181,179 4
182,180 3
183,182 2
184,179 3
185,184 3
186,181 4
187,186 4
188,179 3
190,189 4
191,190 4
192,189 3
193,190 3
194,192 2
195,190 3
196,195 4
197,191 3
198,193 2
200,199 3
200,203 4
200,202 2
201,200 4
202,201 3
202,200 4
203,201 4
204,202 3
204,206 4
204,201 4
205,200 3
205,206 2
206,201 3
206,204 3
207,209 3
208,207 4
208,209 4
209,208 3
211,210 3
212,210 3
212,213 4
213,210 3
