core
13 59 28 171 197 151 94 92 169 242 99 546 692 564 414 172 207 522 212 171 126 32 72 67 554 217 51 98 27 151 392 513 151 209 50 54 146 725 192 166 36 71 364 533 673 131 125 228 240 26 46 10 107 223 852 789 699 224 141 176 158 49 28 62 84 164 154 357 107 199 12 95 9 11 53 135 83 157 208 637 851 8 61 47 8 222 97 129 97 117 129 188 190 547 529 435 47 65 7 128 192 176 85 88 151 814 526 587 226 137 175 87 45 798 61 50 159 374 210 88 142 70 129 96 668 27 42 720 60 213 224 212 535 361 591 106 239 120 90 246 81 61 112 47 41 513 87 208 20 849 223 131 184 34 186 167 186 105 698 718 66 28 248 619 67 41 247 164 592 68 56 184 183 443 113 802 159 38 241 190 11 166 60 42 14 226 105 132 169 108 230 127 240 550 509 475 597 7 192 603 131 44 195
has_camera
1 0 1 0 0 0 1 1 1 0 0 0 0 0 0 0 1 0 0 0 0 0 0 0 0 1 0 1 1 1 0 0 1 0 0 0 0 0 1 0 1 0 0 0 0 0 1 0 0 1 0 0 1 0 0 0 0 0 1 0 1 1 0 1 0 0 0 0 0 0 0 0 0 1 0 1 1 0 1 0 0 1 1 0 1 0 0 1 1 0 0 0 0 0 0 0 0 0 0 0 0 0 1 0 0 0 0 0 0 0 1 0 0 0 1 0 1 0 0 0 1 1 0 0 0 0 1 0 0 1 1 0 0 0 0 0 0 0 0 0 0 1 0 0 1 0 1 0 1 0 1 0 1 0 0 1 1 0 0 0 1 1 0 0 1 0 0 1 0 1 1 0 1 0 0 0 0 1 0 1 0 1 0 0 0 1 0 1 1 1 0 1 1 0 0 0 0 0 0 0 1 0 0
has_gpu
0 1 1 1 0 0 0 1 0 1 1 0 0 0 0 0 0 0 1 0 0 0 0 0 0 1 0 1 1 0 0 0 1 1 1 0 1 0 1 1 1 0 0 0 0 0 1 1 1 0 0 1 0 1 0 0 0 0 0 1 0 0 1 1 0 0 1 0 0 0 1 0 0 1 1 1 1 0 1 0 0 0 0 0 0 0 0 1 0 0 0 1 0 0 0 0 0 0 1 1 0 0 0 0 1 0 0 0 0 0 0 0 0 0 0 0 0 0 1 0 1 0 0 1 0 1 0 0 1 0 1 1 0 0 0 0 0 0 0 0 1 0 0 1 0 0 1 1 0 0 1 0 1 0 1 0 0 0 0 0 0 1 1 0 0 0 1 0 0 1 0 1 1 0 1 0 1 1 1 1 0 1 1 0 0 1 0 1 1 0 0 0 1 0 0 0 0 0 1 0 1 1 1
bandwidth
0,1 137
1,2 170
2,3 157
3,4 83
4,5 150
5,6 125
6,7 173
7,8 62
8,9 169
9,10 162
10,11 107
11,12 62
12,13 83
15,14 143
16,15 64
17,14 179
18,15 89
19,17 149
20,15 140
21,20 141
22,16 84
23,18 78
24,27 107
25,24 58
25,26 107
26,25 74
27,24 195
28,26 197
28,24 135
29,25 59
31,30 153
32,31 152
32,36 199
33,31 140
33,30 92
34,33 115
35,32 62
35,34 124
36,31 181
37,41 91
38,37 194
39,38 196
39,40 65
40,39 112
41,39 75
41,40 104
41,37 139
43,42 126
44,42 56
45,44 56
46,43 82
47,44 167
48,43 103
48,45 193
49,48 171
49,42 104
50,45 145
51,49 122
51,52 177
51,42 80
52,47 79
52,51 86
52,45 157
53,47 129
55,54 64
56,54 125
57,56 148
58,56 97
59,56 73
60,55 80
61,60 135
62,59 111
63,60 78
64,55 118
65,58 142
66,56 193
68,67 52
69,67 84
70,69 110
71,67 174
72,68 117
73,74 89
74,75 158
75,76 122
76,77 91
77,78 167
78,79 52
79,80 116
81,82 98
82,83 150
83,84 99
84,85 105
85,86 77
86,87 99
87,88 93
88,89 185
89,90 185
90,91 114
91,92 162
92,93 105
93,94 135
94,95 62
96,97 147
97,98 155
98,99 118
99,100 172
100,101 191
101,102 78
102,103 93
103,104 195
104,105 190
105,106 160
108,107 66
109,107 178
110,109 79
111,109 101
112,111 112
113,107 165
114,110 129
115,112 103
116,111 143
117,118 180
118,117 53
119,117 170
119,127 72
120,118 123
121,120 175
121,119 86
122,118 118
123,117 171
123,129 118
124,117 54
125,120 186
126,121 65
127,117 69
127,119 64
128,120 165
128,119 80
129,120 176
129,122 137
129,123 150
130,120 91
131,118 138
131,123 177
133,132 78
134,132 183
135,134 129
136,135 162
137,135 95
138,134 79
139,134 103
140,137 122
141,140 166
142,137 109
143,142 131
144,140 122
145,147 178
146,145 65
147,145 79
147,148 127
148,147 64
150,149 171
151,150 89
152,149 77
153,151 134
154,151 156
155,149 121
156,152 126
157,149 128
158,149 156
159,149 128
160,154 100
161,153 153
162,157 115
164,163 142
164,165 84
165,164 199
166,163 50
167,163 118
169,168 186
169,170 109
170,169 192
171,168 72
172,168 188
174,173 56
174,181 180
174,179 83
174,177 194
174,178 68
175,173 73
175,176 74
176,174 109
177,176 173
177,174 154
178,175 157
179,174 111
179,181 188
180,178 136
180,174 109
181,174 60
181,178 186
182,183 144
183,184 84
184,185 148
185,186 59
186,187 178
187,188 173
188,189 107
189,190 81
190,191 52
191,192 125
192,193 122
193,194 162
194,195 118
196,198 147
196,197 62
197,196 157
198,196 159
200,199 104
201,200 150
202,200 50
latency
0,1 2
1,2 3
2,3 4
3,4 3
4,5 3
5,6 4
6,7 3
7,8 2
8,9 4
9,10 4
10,11 4
11,12 4
12,13 4
15,14 3
16,15 3
17,14 4
18,15 3
19,17 3
20,15 3
21,20 3
22,16 4
23,18 4
24,27 3
25,24 4
25,26 3
26,25 3
27,24 3
28,26 3
28,24 4
29,25 4
31,30 2
32,31 4
32,36 3
33,31 3
33,30 4
34,33 3
35,32 4
35,34 3
36,31 4
37,41 3
38,37 3
39,38 3
39,40 2
40,39 3
41,39 2
41,40 3
41,37 4
43,42 4
44,42 4
45,44 3
46,43 4
47,44 2
48,43 3
48,45 3
49,48 3
49,42 4
50,45 3
51,49 3
51,52 3
51,42 4
52,47 4
52,51 3
52,45 4
53,47 3
55,54 4
56,54 4
57,56 3
58,56 4
59,56 4
60,55 4
61,60 4
62,59 3
63,60 4
64,55 3
65,58 3
66,56 4
68,67 4
69,67 4
70,69 3
71,67 4
72,68 2
73,74 4
74,75 4
75,76 4
76,77 2
77,78 4
78,79 3
79,80 3
81,82 4
82,83 3
83,84 3
84,85 3
85,86 3
86,87 4
87,88 4
88,89 4
89,90 4
90,91 3
91,92 3
92,93 3
93,94 4
94,95 3
96,97 4
97,98 4
98,99 4
99,100 2
100,101 4
101,102 4
102,103 3
103,104 2
104,105 4
105,106 2
108,107 3
109,107 4
110,109 4
111,109 2
112,111 3
113,107 2
114,110 4
115,112 3
116,111 3
117,118 3
118,117 4
119,117 2
119,127 3
120,118 4
121,120 4
121,119 4
122,118 2
123,117 2
123,129 3
124,117 3
125,120 4
126,121 4
127,117 4
127,119 3
128,120 3
128,119 4
129,120 3
129,122 3
129,123 2
130,120 3
131,118 3
131,123 4
133,132 3
134,132 3
135,134 3
136,135 3
137,135 3
138,134 4
139,134 4
140,137 4
141,140 3
142,137 4
143,142 4
144,140 3
145,147 4
146,145 4
147,145 4
147,148 2
148,147 4
150,149 3
151,150 3
152,149 4
153,151 3
154,151 4
155,149 4
156,152 4
157,149 3
158,149 3
159,149 4
160,154 4
161,153 3
162,157 2
164,163 4
164,165 4
165,164 3
166,163 3
167,163 4
169,168 4
169,170 2
170,169 3
171,168 3
172,168 3
174,173 4
174,181 4
174,179 4
174,177 4
174,178 3
175,173 4
175,176 2
176,174 2
177,176 3
177,174 3
178,175 4
179,174 3
179,181 4
180,178 2
180,174 4
181,174 4
181,178 3
182,183 3
183,184 4
184,185 3
185,186 4
186,187 4
187,188 4
188,189 3
189,190 3
190,191 4
191,192 3
192,193 4
193,194 4
194,195 3
196,198 4
196,197 2
197,196 3
198,196 3
200,199 4
201,200 3
202,200 4
