core
864 155 164 247 703 6 244 48 168 638 211 232 632 29 52 471 177 247 143 119 176 42 58 68 214 243 243 722 350 91 168 160 8 221 167 795 74 26 668 85 28 207 238 597 7 192 721 885 109 96 43 26 159 353 440 655 152 101 243 247 60 64 64 233 243 691 89 33 135 13 59 28 171 197 151 94 92 169 242 99 546 692 564 662 361 559 190 190 119 88 40 63 55 222 176 238 786 44 225 239 35 59 24 128 92 185 196 133 109 167 479 353 812 530 168 710 180 74 126 11 834 195 95 227 63 117 32 85 140 111 527 681 181 47 377 43 182 515 227 29 127 554 661 615 167 238 183 103 63 50 19 219 117 428 198 31 103 218 23 131 735 201 61 748 210 63 799 118 92 232 69 88 225 444 48 18 816 55 165 153 88 362 129 33 134 233 36 146 86 445 41 106 634 10 41 134 94 649 832 212 142 35 433 179 201 235 38 39 218 486 121 177 35 5 549 132 129 96 95 28 104 57 771 791 31 215 118 189 50 614 103 118 125 765 143 72 209 91 60 59
has_camera
0 1 0 0 0 1 1 1 0 0 1 0 0 1 1 0 0 0 0 0 0 0 1 0 0 0 1 0 0 0 1 1 1 0 0 0 0 1 0 0 0 1 1 0 0 0 0 0 0 0 0 0 0 0 0 0 0 0 0 0 0 1 0 0 1 0 1 1 0 1 0 1 0 0 0 1 1 1 0 0 0 0 0 0 0 0 0 1 0 0 0 0 1 0 0 0 0 0 0 0 1 1 1 0 0 1 1 0 0 0 0 0 0 0 0 0 1 0 0 1 0 0 0 1 0 1 0 0 1 1 0 0 1 1 0 0 1 0 0 0 0 0 0 0 0 1 0 1 0 0 1 0 0 0 0 1 0 0 0 1 0 1 1 0 0 0 0 0 1 0 0 0 0 0 0 0 0 0 1 1 1 0 1 0 0 1 0 0 0 0 1 0 0 1 1 0 1 0 0 1 1 0 0 1 0 0 0 0 1 0 1 0 1 1 0 0 0 0 1 0 1 1 0 0 0 1 0 0 0 0 0 1 0 0 0 1 0 0 1 1
has_gpu
0 1 1 1 0 0 0 1 1 0 1 0 0 0 0 0 1 1 1 0 1 1 0 0 1 1 0 0 0 0 0 1 1 1 0 0 1 1 0 0 1 0 0 0 0 1 0 0 1 0 0 0 0 0 0 0 1 1 0 1 1 0 0 1 1 0 1 0 1 0 1 1 1 0 0 0 1 0 1 1 0 0 0 0 0 0 0 0 0 1 0 1 0 0 0 1 0 0 0 0 0 1 0 0 1 0 1 1 0 0 0 0 0 0 0 0 0 0 0 1 0 1 1 0 1 0 0 1 0 1 0 0 1 0 0 0 0 0 0 0 0 0 0 0 1 1 1 0 1 0 0 0 1 0 0 0 1 1 1 1 0 0 0 0 1 0 0 1 0 0 0 1 0 0 1 0 0 0 1 0 1 0 1 1 0 0 0 0 0 0 0 1 0 0 1 0 1 0 0 0 1 1 0 1 1 0 0 0 1 0 1 1 1 0 0 0 1 0 0 0 0 0 0 0 0 0 1 0 0 0 0 1 1 0 1 0 0 0 0 1
bandwidth
1,0 52
2,1 85
3,1 196
4,0 99
5,3 106
6,1 162
7,6 162
8,2 156
10,9 114
11,9 160
12,9 59
13,12 163
14,10 122
15,9 200
16,12 185
17,10 115
18,12 74
19,11 78
20,12 174
21,14 190
22,23 114
23,24 76
24,25 191
25,26 58
26,27 138
29,28 162
30,29 163
31,28 53
32,30 159
33,31 151
34,28 131
35,28 169
36,32 196
37,36 199
38,28 136
39,34 170
40,32 88
41,30 69
42,30 106
43,45 147
43,44 62
44,43 157
45,43 159
47,46 100
48,47 125
48,52 63
49,47 85
49,46 195
50,49 125
51,48 133
51,50 68
52,47 100
54,53 164
55,53 140
56,55 190
57,54 134
58,55 82
59,54 136
59,56 197
60,59 147
60,53 98
61,56 84
62,60 192
62,63 77
62,53 108
63,58 67
63,62 83
63,56 90
64,58 156
66,65 119
67,66 131
68,65 141
69,70 137
70,71 170
71,72 157
72,73 83
73,74 150
74,75 125
75,76 173
76,77 62
77,78 169
78,79 162
79,80 107
80,81 62
81,82 83
84,83 167
85,83 124
86,85 68
87,85 94
88,85 94
89,84 175
90,89 77
91,88 87
92,89 93
93,84 123
94,87 130
95,85 140
97,96 170
98,96 134
99,96 111
100,101 93
101,102 72
102,103 100
103,104 133
104,105 175
105,106 184
106,107 112
107,108 117
108,109 127
109,110 141
110,111 171
111,112 56
113,114 105
114,113 124
115,113 139
116,115 196
116,113 129
116,114 137
117,116 107
118,114 110
118,113 117
119,117 140
121,120 70
122,120 97
123,120 118
124,121 138
125,120 197
126,125 164
126,133 73
127,121 124
128,125 94
129,123 175
130,120 183
131,120 167
132,131 62
132,130 129
133,126 89
134,136 113
134,135 78
135,134 125
136,134 166
138,137 94
139,138 70
140,138 69
142,141 63
143,141 92
144,143 83
145,142 81
146,143 150
147,142 72
147,144 58
148,147 53
148,141 139
149,144 89
150,148 70
150,151 116
150,141 183
151,146 154
151,150 110
151,144 93
152,146 197
154,153 85
154,161 193
155,154 50
155,157 121
155,161 168
156,153 105
157,153 67
158,156 138
159,153 140
159,160 137
160,153 159
160,156 73
161,160 90
161,154 180
162,155 122
164,163 124
165,164 52
166,167 50
167,166 170
168,166 154
168,176 127
169,167 196
170,169 187
170,168 58
171,167 146
172,166 109
172,178 161
173,166 52
174,169 199
175,170 198
176,166 112
176,168 90
177,169 158
177,168 200
178,169 111
178,171 157
178,172 106
179,169 80
180,167 169
180,172 146
182,181 198
183,182 92
184,181 158
185,181 78
186,185 69
187,182 178
188,182 52
189,181 112
190,188 115
191,189 94
193,192 165
194,192 164
195,192 193
196,192 56
198,197 155
199,198 170
200,198 85
201,199 85
202,198 186
203,199 178
204,200 182
205,199 166
206,203 183
207,205 105
208,199 165
209,212 103
210,209 60
211,210 152
211,212 156
212,211 51
213,212 96
213,210 75
213,211 76
215,214 118
215,218 50
216,214 174
217,215 104
218,217 89
219,218 74
220,217 194
221,218 86
221,224 98
221,216 66
222,214 142
223,214 135
224,219 169
224,228 167
225,223 158
226,223 189
226,222 182
227,215 171
227,219 142
228,220 122
230,229 128
231,230 161
232,229 175
233,229 106
234,233 165
235,234 63
236,233 97
237,232 60
238,236 156
239,236 130
latency
1,0 4
2,1 3
3,1 4
4,0 4
5,3 3
6,1 3
7,6 4
8,2 4
10,9 4
11,9 3
12,9 3
13,12 3
14,10 2
15,9 3
16,12 2
17,10 3
18,12 4
19,11 2
20,12 4
21,14 3
22,23 3
23,24 4
24,25 3
25,26 3
26,27 3
29,28 3
30,29 4
31,28 3
32,30 3
33,31 2
34,28 4
35,28 4
36,32 2
37,36 4
38,28 4
39,34 3
40,32 4
41,30 2
42,30 3
43,45 4
43,44 2
44,43 3
45,43 3
47,46 4
48,47 2
48,52 3
49,47 3
49,46 4
50,49 3
51,48 4
51,50 4
52,47 2
54,53 3
55,53 3
56,55 4
57,54 3
58,55 3
59,54 4
59,56 3
60,59 2
60,53 3
61,56 4
62,60 3
62,63 3
62,53 3
63,58 4
63,62 3
63,56 3
64,58 4
66,65 3
67,66 4
68,65 4
69,70 2
70,71 3
71,72 4
72,73 3
73,74 3
74,75 4
75,76 3
76,77 2
77,78 4
78,79 4
79,80 4
80,81 4
81,82 4
84,83 3
85,83 4
86,85 3
87,85 4
88,85 3
89,84 4
90,89 4
91,88 4
92,89 3
93,84 3
94,87 3
95,85 4
97,96 4
98,96 3
99,96 3
100,101 2
101,102 4
102,103 2
103,104 3
104,105 4
105,106 4
106,107 2
107,108 4
108,109 2
109,110 4
110,111 3
111,112 3
113,114 4
114,113 2
115,113 3
116,115 4
116,113 3
116,114 3
117,116 4
118,114 2
118,113 3
119,117 4
121,120 2
122,120 3
123,120 2
124,121 3
125,120 4
126,125 2
126,133 4
127,121 3
128,125 4
129,123 4
130,120 3
131,120 4
132,131 2
132,130 3
133,126 2
134,136 4
134,135 4
135,134 2
136,134 4
138,137 2
139,138 3
140,138 3
142,141 4
143,141 4
144,143 3
145,142 4
146,143 3
147,142 3
147,144 2
148,147 3
148,141 3
149,144 2
150,148 4
150,151 3
150,141 4
151,146 4
151,150 4
151,144 3
152,146 3
154,153 2
154,161 3
155,154 4
155,157 2
155,161 3
156,153 3
157,153 3
158,156 4
159,153 3
159,160 3
160,153 3
160,156 3
161,160 2
161,154 3
162,155 3
164,163 4
165,164 3
166,167 3
167,166 3
168,166 2
168,176 4
169,167 3
170,169 3
170,168 4
171,167 3
172,166 2
172,178 4
173,166 3
174,169 3
175,170 3
176,166 3
176,168 3
177,169 3
177,168 2
178,169 3
178,171 2
178,172 3
179,169 4
180,167 3
180,172 3
182,181 3
183,182 4
184,181 4
185,181 2
186,185 3
187,182 3
188,182 4
189,181 4
190,188 3
191,189 2
193,192 4
194,192 2
195,192 4
196,192 3
198,197 3
199,198 4
200,198 3
201,199 3
202,198 4
203,199 3
204,200 4
205,199 3
206,203 2
207,205 4
208,199 4
209,212 3
210,209 4
211,210 3
211,212 3
212,211 2
213,212 2
213,210 4
213,211 3
215,214 4
215,218 3
216,214 3
217,215 3
218,217 4
219,218 3
220,217 2
221,218 3
221,224 4
221,216 4
222,214 3
223,214 3
224,219 3
224,228 4
225,223 4
226,223 3
226,222 2
227,215 4
227,219 3
228,220 3
230,229 2
231,230 3
232,229 4
233,229 3
234,233 3
235,234 4
236,233 3
237,232 4
238,236 4
239,236 4
