core
14 44 64 10 140 114 158 119 94 98 98 83 653 414 620 557 204 128 459 36 143 154 84 871 32 152 130 21 131 11 784 199 36 461 194 137 6 15 806 715 225 161 74 124 112 62 232 145 14 613 529 235 229 17 516 237 104 106 67 232 243 38 811 578 164 191 60 232 30 377 43 182 36 31 173 192 95 678 771 53 49 36 246 130 84 161 139 769 524 70 43 196 250 232 82 829 584 64 11 174 82 529 851 90 134 211 180 56 134 9 686 451 49 245 237 120 71 848 149 162 122 25 45 24 180 203 174 682 16 236 188 556 48 181 104 411 47 52 65 156 154 198 176 108 90 88 241 429 372 660 382 58 84 87 713 221 220 238 196 73 398 53 8 246 787 190 112 662 25 59 522 91 204 201 102 148 69 603 131 44 195 412 166 205 124 172 679 44 125 13 8 178 611 29 6 125 154 187 155 192 606 735 801 107 140 30 8 864 155 164 247 703 6 244 48 168 13 27 94 145 167 640 788 620 199 137 18 557 405 104 245 187 11 9 168 105
has_camera
1 1 1 1 1 1 0 0 1 1 1 0 0 0 0 0 1 0 0 1 0 0 0 0 1 0 0 0 0 1 0 0 0 0 0 0 0 1 0 0 1 0 0 0 0 0 0 0 0 0 0 0 1 1 0 0 1 1 1 1 0 1 0 0 1 1 1 1 0 0 0 1 1 0 0 0 1 0 0 0 0 0 0 1 1 0 1 0 0 1 1 0 0 0 0 0 0 0 0 1 0 0 0 1 1 0 0 1 0 0 0 0 1 0 1 0 0 0 1 0 1 1 1 1 1 1 0 0 1 0 0 0 1 1 0 0 0 1 1 0 1 0 1 1 1 0 1 0 0 0 0 0 1 1 0 0 1 1 0 0 0 0 1 1 0 0 0 0 1 0 0 1 0 0 0 0 1 0 1 0 0 0 1 1 0 0 0 0 1 1 0 1 0 0 0 1 1 1 0 0 0 0 0 0 0 1 0 0 1 0 0 0 1 1 1 0 1 1 0 0 0 0 0 0 0 0 0 0 0 1 0 0 0 1 1 0
has_gpu
0 0 1 1 0 0 0 1 0 1 1 1 0 0 0 0 1 0 0 1 0 1 0 0 0 1 0 0 1 0 0 0 1 0 1 0 1 0 0 0 1 0 1 1 0 0 0 0 1 0 0 0 1 0 0 1 0 1 1 1 1 0 0 0 0 0 0 1 0 0 0 0 1 0 1 1 0 0 0 0 1 0 0 1 0 0 0 0 0 0 1 0 0 0 1 0 0 0 0 0 0 0 0 1 1 1 0 0 1 0 0 0 0 1 1 1 1 0 0 0 0 1 0 0 0 0 0 0 0 0 1 0 1 1 1 0 1 0 1 1 0 0 1 0 1 0 1 0 0 0 0 1 1 1 0 0 0 1 0 0 0 0 0 1 0 0 0 0 0 1 0 0 0 1 1 0 0 0 1 1 1 0 1 1 1 1 0 1 1 1 0 0 0 0 1 0 1 1 1 1 0 0 0 0 0 1 1 0 1 1 1 0 0 0 1 1 1 1 0 1 0 0 0 0 1 1 0 0 0 0 0 1 0 1 0 1
bandwidth
0,1 187
1,2 149
2,3 183
3,4 60
4,5 99
5,6 108
6,7 137
7,8 95
8,9 180
9,10 71
10,11 61
11,12 151
12,13 69
13,14 163
16,15 163
17,15 160
18,15 137
19,17 132
20,18 54
21,18 93
22,16 107
23,15 193
24,20 157
25,23 73
26,18 64
27,25 162
28,17 134
29,25 171
31,30 87
32,31 113
33,37 125
34,33 162
35,33 177
36,34 196
37,35 179
39,38 145
39,44 157
40,39 51
41,39 70
42,40 93
43,39 110
43,42 196
44,41 192
45,44 72
46,40 59
47,43 108
48,47 86
50,49 167
51,50 148
52,50 188
53,51 58
53,52 175
54,49 196
55,50 197
56,54 196
56,57 184
57,56 126
58,53 93
59,56 180
60,54 81
61,53 178
63,62 150
64,63 140
65,64 185
66,65 109
67,63 69
68,66 176
69,71 113
69,70 78
70,69 125
71,69 166
72,73 168
73,74 108
74,75 177
75,76 58
76,77 96
77,78 198
79,80 145
80,81 152
81,82 111
82,83 131
83,84 138
84,85 89
85,86 118
86,87 59
87,88 156
89,90 128
90,91 146
91,92 131
92,93 84
93,94 149
94,95 100
95,96 178
97,98 53
98,99 101
99,100 87
100,101 158
103,102 91
103,106 161
104,102 109
105,103 186
106,105 147
107,106 156
108,105 83
109,106 52
109,112 189
109,104 177
110,102 158
111,102 83
112,107 167
112,116 74
113,111 153
114,111 81
114,110 92
115,103 192
115,107 90
116,108 59
118,117 164
118,126 181
118,121 107
119,117 178
119,126 116
120,117 164
121,120 55
121,117 181
122,120 96
123,118 183
123,119 165
124,119 152
124,125 120
125,117 182
126,117 98
127,117 140
128,123 89
129,118 194
130,118 171
131,117 144
131,118 100
131,128 195
132,133 117
133,134 181
134,135 193
136,137 158
137,138 50
138,139 107
139,140 152
140,141 138
141,142 85
142,143 56
143,144 77
144,145 176
145,146 81
146,147 132
147,148 53
148,149 77
151,150 116
152,150 55
153,150 155
155,154 97
156,154 182
157,156 73
158,156 160
159,158 117
160,154 61
161,157 153
162,159 148
163,158 199
165,164 116
166,164 154
167,164 82
168,167 65
169,165 178
170,164 116
171,167 112
172,165 74
173,167 96
174,166 167
175,167 77
176,169 174
178,177 104
179,178 150
180,178 50
182,181 172
182,189 173
183,181 147
184,183 151
184,185 71
185,183 153
186,181 132
187,184 55
187,182 112
187,191 107
188,183 65
189,187 94
190,187 137
191,188 188
192,181 113
193,194 168
194,195 137
195,196 58
196,197 142
197,198 184
198,199 72
199,200 154
200,201 126
202,206 182
203,202 96
204,203 132
204,205 80
205,204 88
206,204 195
206,205 54
206,202 79
208,207 52
209,208 85
210,208 196
211,207 99
212,210 106
213,208 162
214,213 162
215,209 156
216,217 150
217,218 155
218,219 196
219,220 90
220,221 124
221,222 193
224,223 193
225,223 166
226,224 73
227,223 82
228,223 52
229,225 119
230,227 148
231,227 102
232,226 100
233,231 117
234,227 168
235,224 160
latency
0,1 2
1,2 3
2,3 4
3,4 3
4,5 4
5,6 3
6,7 2
7,8 3
8,9 4
9,10 2
10,11 3
11,12 4
12,13 3
13,14 4
16,15 3
17,15 4
18,15 4
19,17 2
20,18 3
21,18 4
22,16 3
23,15 3
24,20 4
25,23 4
26,18 4
27,25 2
28,17 3
29,25 4
31,30 3
32,31 4
33,37 2
34,33 4
35,33 3
36,34 4
37,35 3
39,38 3
39,44 4
40,39 4
41,39 4
42,40 4
43,39 3
43,42 3
44,41 4
45,44 4
46,40 3
47,43 4
48,47 2
50,49 3
51,50 3
52,50 3
53,51 4
53,52 3
54,49 3
55,50 4
56,54 2
56,57 2
57,56 4
58,53 3
59,56 2
60,54 3
61,53 4
63,62 3
64,63 3
65,64 3
66,65 3
67,63 4
68,66 2
69,71 4
69,70 4
70,69 2
71,69 4
72,73 4
73,74 3
74,75 3
75,76 4
76,77 3
77,78 3
79,80 3
80,81 3
81,82 4
82,83 4
83,84 4
84,85 3
85,86 4
86,87 4
87,88 4
89,90 4
90,91 3
91,92 4
92,93 4
93,94 3
94,95 4
95,96 3
97,98 4
98,99 2
99,100 4
100,101 3
103,102 3
103,106 4
104,102 2
105,103 3
106,105 4
107,106 2
108,105 2
109,106 3
109,112 4
109,104 3
110,102 4
111,102 3
112,107 2
112,116 4
113,111 4
114,111 4
114,110 3
115,103 3
115,107 3
116,108 3
118,117 4
118,126 2
118,121 3
119,117 4
119,126 4
120,117 4
121,120 4
121,117 4
122,120 4
123,118 4
123,119 3
124,119 4
124,125 2
125,117 3
126,117 2
127,117 3
128,123 4
129,118 3
130,118 3
131,117 3
131,118 3
131,128 3
132,133 4
133,134 3
134,135 4
136,137 3
137,138 4
138,139 2
139,140 3
140,141 4
141,142 4
142,143 4
143,144 3
144,145 3
145,146 3
146,147 2
147,148 2
148,149 3
151,150 3
152,150 4
153,150 3
155,154 4
156,154 4
157,156 3
158,156 3
159,158 4
160,154 3
161,157 3
162,159 3
163,158 4
165,164 4
166,164 3
167,164 3
168,167 2
169,165 4
170,164 3
171,167 2
172,165 3
173,167 4
174,166 2
175,167 3
176,169 4
178,177 4
179,178 3
180,178 4
182,181 4
182,189 4
183,181 2
184,183 3
184,185 4
185,183 2
186,181 3
187,184 2
187,182 2
187,191 3
188,183 3
189,187 4
190,187 4
191,188 4
192,181 3
193,194 3
194,195 3
195,196 3
196,197 2
197,198 3
198,199 4
199,200 3
200,201 3
202,206 4
203,202 3
204,203 2
204,205 2
205,204 4
206,204 4
206,205 3
206,202 4
208,207 4
209,208 3
210,208 4
211,207 4
212,210 3
213,208 3
214,213 4
215,209 4
216,217 2
217,218 3
218,219 2
219,220 4
220,221 2
221,222 3
224,223 4
225,223 4
226,224 3
227,223 3
228,223 3
229,225 4
230,227 3
231,227 3
232,226 4
233,231 4
234,227 3
235,224 4
