core
875 216 88 409 70 41 874 206 219 181 217 245 51 439 393 103 180 237 147 9 687 87 22 110 33 110 717 136 99 85 186 58 816 68 747 193 164 156 131 408 42 116 119 45 57 611 213 135 88 128 15 358 44 669 215 174 25 21 533 110 151 198 169 38 184 208 53 183 49 599 864 22 81 425 139 101 233 40 169 116 575 32 41 525 64 158 82 182 374 210 88 142 70 129 96 668 27 42 720 60 213 224 212 31 31 6 6 211 138 140 155 97 138 231 212 475 806 844 26 6 199 167 149 458 715 392 137 245 34 53 91 593 223 145 49 10 472 237 126 7 36 787 190 112 662 25 59 522 91 204 201 102 148 69 822 167 178 240 751 199 143 48 46 70 145 35 184 891 229 47 97 485 862 239 151 75 81 49 60 42 14 226 105 132 169 108 230 127 240 550 509 475 717 136 99 85 186 58 816 68 350 91 168 160 8 221 167 795 74 26 668 85 28 207 238 521 148 240 167 720 185 155 25 64 38 112 16 244 492 210 439 393 103 180 237 147 9 687 87 22 110 33 110 799 120 172 157 52 415 99 47 41 48 34 165 146 248 224 168 194 109 720 678 672 650 128 194 121 164 16 510 10 673 165 224 59 115 60 425 139 101 233 40 169 116 575 32 41 525 64 158 82 182
has_camera
0 1 0 0 1 0 0 0 1 0 0 0 0 0 0 0 0 1 0 0 0 1 1 0 0 0 0 0 0 0 0 0 0 1 0 1 0 0 0 0 1 0 0 0 1 0 0 0 1 1 0 0 1 0 1 1 0 1 0 1 1 0 1 1 0 0 1 0 0 0 0 0 0 0 0 1 1 1 0 1 0 1 0 0 1 0 1 0 0 0 0 1 1 0 0 0 0 1 0 0 1 1 0 1 1 1 1 0 0 0 0 0 1 1 0 0 0 0 1 1 1 1 0 0 0 0 0 1 1 0 1 0 1 0 1 0 0 0 1 0 0 0 0 0 0 1 0 0 1 0 0 0 0 1 0 0 0 0 0 0 1 1 1 1 0 1 1 0 0 0 0 0 0 1 0 0 0 1 0 0 0 1 0 1 1 1 0 1 1 0 0 0 0 0 0 0 0 0 0 1 0 0 1 1 1 0 0 0 0 1 0 0 0 1 1 0 0 0 0 0 0 0 0 0 1 0 0 1 0 0 0 0 0 0 1 0 0 0 1 1 0 0 0 0 1 1 0 1 0 1 0 0 0 1 1 0 0 0 0 1 0 0 0 0 0 0 0 0 1 1 0 1 0 0 0 1 0 1 0 0 1 1 1 0 1 0 1 0 0 1 0 1 0
has_gpu
0 0 1 0 1 0 0 0 1 0 1 0 0 0 0 0 0 1 1 0 0 0 0 1 0 0 0 0 0 0 1 1 0 0 0 1 1 0 0 0 0 1 0 0 0 0 0 1 1 0 0 0 0 0 1 0 0 1 0 0 0 0 1 0 0 0 1 0 0 0 0 0 0 0 0 0 0 1 0 0 0 0 1 0 0 1 1 0 0 1 0 1 0 0 1 0 1 0 0 1 0 1 1 0 0 0 0 1 0 0 0 0 1 1 0 0 0 0 0 0 1 0 1 0 0 0 1 0 0 1 0 0 0 1 1 0 0 1 0 1 0 0 0 0 0 0 1 0 0 0 1 1 0 0 0 1 1 1 0 0 1 1 0 0 0 0 0 0 1 0 0 0 0 1 1 0 1 0 1 0 0 1 0 1 1 0 0 0 1 0 0 0 0 0 0 0 1 1 0 0 0 0 0 1 1 1 0 0 1 1 0 0 1 0 0 0 0 0 1 0 1 0 0 0 0 0 0 0 0 1 0 0 0 0 1 1 0 0 0 0 1 0 0 0 1 0 0 0 0 1 0 0 0 1 0 1 1 1 1 1 1 0 0 0 0 1 0 1 1 0 0 0 0 0 0 0 0 0 0 0 0 0 1 0 0 0 0 1 0 0 1 1 0
bandwidth
1,0 143
2,0 198
3,0 128
4,3 52
5,1 76
6,0 158
7,3 146
8,1 66
9,3 62
10,2 151
11,3 195
12,5 126
14,13 158
15,14 102
16,15 94
17,15 120
18,14 115
19,16 60
19,14 156
20,13 165
21,15 65
22,16 98
23,17 133
24,22 75
24,21 69
25,17 92
27,26 173
28,27 116
29,26 95
30,29 191
31,30 59
32,26 119
33,30 51
35,34 131
36,35 111
36,39 117
36,42 84
37,35 177
37,43 88
38,34 115
38,35 97
39,34 93
40,37 58
41,38 95
42,38 132
43,40 148
44,37 126
46,45 192
47,46 163
48,45 78
49,48 94
50,49 70
51,45 108
52,49 189
53,57 183
54,53 120
55,54 142
55,56 127
56,55 134
57,55 61
57,56 136
57,53 196
59,58 129
60,58 145
61,59 109
62,58 123
63,61 186
64,61 170
65,62 87
66,64 152
67,61 174
68,67 135
69,58 184
70,58 122
71,68 118
72,69 153
73,74 99
74,73 64
75,73 176
75,83 167
76,74 50
77,76 152
77,75 101
78,74 79
79,73 93
79,85 101
80,73 183
81,76 169
82,77 175
83,73 127
83,75 72
84,76 190
84,75 52
85,76 82
85,78 132
85,79 101
86,76 68
87,74 75
87,79 139
88,89 180
89,88 53
90,88 170
90,98 72
91,89 123
92,91 175
92,90 86
93,89 118
94,88 171
94,100 118
95,88 54
96,91 186
97,92 65
98,88 69
98,90 64
99,91 165
99,90 80
100,91 176
100,93 137
100,94 150
101,91 91
102,89 138
102,94 177
103,104 118
104,105 163
105,106 68
106,107 135
107,108 185
108,109 121
109,110 54
110,111 74
111,112 144
112,113 66
113,114 99
114,115 184
115,116 198
116,117 55
118,119 120
119,120 184
120,121 52
121,122 134
122,123 61
125,124 160
126,125 178
127,125 122
128,127 130
129,127 186
130,126 197
132,131 131
133,131 153
134,132 175
135,134 74
136,140 182
137,136 100
138,136 115
139,137 140
140,138 84
142,141 116
143,141 154
144,141 82
145,144 65
146,142 178
147,141 116
148,144 112
149,142 74
150,144 96
151,143 167
152,144 77
153,146 174
155,154 182
155,166 104
155,159 52
156,154 159
156,161 72
157,155 118
158,154 197
158,163 194
159,158 153
160,158 123
160,161 65
161,157 143
162,161 86
163,161 136
163,164 122
164,160 124
165,163 166
166,160 115
166,158 113
167,154 147
168,156 109
168,155 163
168,158 142
169,170 63
170,171 88
173,172 126
174,172 130
175,174 55
176,172 182
177,173 78
178,179 144
179,180 84
180,181 148
181,182 59
182,183 178
183,184 173
184,185 107
185,186 81
186,187 52
187,188 125
188,189 122
189,190 162
190,191 118
193,192 173
194,193 116
195,192 95
196,195 191
197,196 59
198,192 119
199,196 51
201,200 162
202,201 163
203,200 53
204,202 159
205,203 151
206,200 131
207,200 169
208,204 196
209,208 199
210,200 136
211,206 170
212,204 88
213,202 69
214,202 106
216,215 120
216,227 109
216,220 195
217,215 165
217,222 149
218,216 56
219,215 145
219,224 159
220,219 192
221,219 113
221,222 149
222,218 157
223,222 139
224,222 76
224,225 176
225,221 192
226,224 120
227,221 133
227,219 108
228,215 57
229,217 118
229,216 54
229,219 181
231,230 158
232,231 102
233,232 94
234,232 120
235,231 115
236,233 60
236,231 156
237,230 165
238,232 65
239,233 98
240,234 133
241,239 75
241,238 69
242,234 92
244,243 70
245,243 181
246,245 167
247,246 169
248,243 136
249,248 69
250,246 75
251,252 113
252,253 73
253,254 87
254,255 125
255,256 96
256,257 95
257,258 60
258,259 151
259,260 61
260,261 178
261,262 196
262,263 193
265,264 111
266,264 53
267,264 141
268,267 200
269,268 105
270,264 74
271,268 111
273,272 83
273,274 107
273,277 97
274,272 144
274,276 186
274,275 85
275,274 161
276,272 172
277,275 63
278,279 99
279,278 64
280,278 176
280,288 167
281,279 50
282,281 152
282,280 101
283,279 79
284,278 93
284,290 101
285,278 183
286,281 169
287,282 175
288,278 127
288,280 72
289,281 190
289,280 52
290,281 82
290,283 132
290,284 101
291,281 68
292,279 75
292,284 139
latency
1,0 2
2,0 3
3,0 4
4,3 3
5,1 3
6,0 3
7,3 4
8,1 4
9,3 3
10,2 2
11,3 4
12,5 3
14,13 4
15,14 4
16,15 3
17,15 3
18,14 2
19,16 3
19,14 2
20,13 4
21,15 3
22,16 4
23,17 3
24,22 3
24,21 4
25,17 3
27,26 4
28,27 3
29,26 4
30,29 3
31,30 4
32,26 3
33,30 4
35,34 3
36,35 2
36,39 4
36,42 2
37,35 4
37,43 2
38,34 2
38,35 3
39,34 2
40,37 4
41,38 3
42,38 2
43,40 2
44,37 4
46,45 3
47,46 4
48,45 4
49,48 2
50,49 4
51,45 3
52,49 2
53,57 3
54,53 3
55,54 3
55,56 3
56,55 4
57,55 4
57,56 4
57,53 2
59,58 2
60,58 4
61,59 3
62,58 3
63,61 3
64,61 4
65,62 4
66,64 3
67,61 4
68,67 4
69,58 2
70,58 3
71,68 3
72,69 4
73,74 4
74,73 3
75,73 3
75,83 4
76,74 4
77,76 3
77,75 4
78,74 4
79,73 4
79,85 2
80,73 4
81,76 3
82,77 3
83,73 3
83,75 4
84,76 4
84,75 2
85,76 4
85,78 3
85,79 2
86,76 3
87,74 3
87,79 3
88,89 3
89,88 4
90,88 2
90,98 3
91,89 4
92,91 4
92,90 4
93,89 2
94,88 2
94,100 3
95,88 3
96,91 4
97,92 4
98,88 4
98,90 3
99,91 3
99,90 4
100,91 3
100,93 3
100,94 2
101,91 3
102,89 3
102,94 4
103,104 3
104,105 4
105,106 3
106,107 3
107,108 3
108,109 3
109,110 3
110,111 3
111,112 2
112,113 4
113,114 3
114,115 3
115,116 4
116,117 4
118,119 2
119,120 3
120,121 3
121,122 4
122,123 4
125,124 4
126,125 4
127,125 3
128,127 3
129,127 3
130,126 4
132,131 2
133,131 3
134,132 3
135,134 3
136,140 4
137,136 4
138,136 3
139,137 4
140,138 4
142,141 4
143,141 3
144,141 3
145,144 2
146,142 4
147,141 3
148,144 2
149,142 3
150,144 4
151,143 2
152,144 3
153,146 4
155,154 3
155,166 3
155,159 4
156,154 4
156,161 4
157,155 2
158,154 4
158,163 4
159,158 3
160,158 3
160,161 4
161,157 3
162,161 4
163,161 3
163,164 3
164,160 3
165,163 3
166,160 2
166,158 4
167,154 2
168,156 4
168,155 3
168,158 3
169,170 4
170,171 3
173,172 3
174,172 2
175,174 4
176,172 3
177,173 3
178,179 3
179,180 4
180,181 3
181,182 4
182,183 4
183,184 4
184,185 3
185,186 3
186,187 4
187,188 3
188,189 4
189,190 4
190,191 3
193,192 4
194,193 3
195,192 4
196,195 3
197,196 4
198,192 3
199,196 4
201,200 3
202,201 4
203,200 3
204,202 3
205,203 2
206,200 4
207,200 4
208,204 2
209,208 4
210,200 4
211,206 3
212,204 4
213,202 2
214,202 3
216,215 4
216,227 3
216,220 4
217,215 4
217,222 3
218,216 3
219,215 3
219,224 3
220,219 4
221,219 2
221,222 4
222,218 3
223,222 4
224,222 4
224,225 2
225,221 3
226,224 2
227,221 3
227,219 3
228,215 4
229,217 3
229,216 3
229,219 4
231,230 4
232,231 4
233,232 3
234,232 3
235,231 2
236,233 3
236,231 2
237,230 4
238,232 3
239,233 4
240,234 3
241,239 3
241,238 4
242,234 3
244,243 4
245,243 4
246,245 3
247,246 4
248,243 4
249,248 4
250,246 4
251,252 2
252,253 3
253,254 4
254,255 4
255,256 4
256,257 3
257,258 4
258,259 4
259,260 4
260,261 4
261,262 3
262,263 4
265,264 4
266,264 4
267,264 3
268,267 4
269,268 3
270,264 3
271,268 2
273,272 4
273,274 3
273,277 3
274,272 4
274,276 2
274,275 4
275,274 3
276,272 3
277,275 3
278,279 4
279,278 3
280,278 3
280,288 4
281,279 4
282,281 3
282,280 4
283,279 4
284,278 4
284,290 2
285,278 4
286,281 3
287,282 3
288,278 3
288,280 4
289,281 4
289,280 2
290,281 4
290,283 3
290,284 2
291,281 3
292,279 3
292,284 3
