core
554 217 51 98 27 151 890 97 204 19 212 224 43 236 60 108 677 724 136 224 247 143 463 22 41 646 157 100 127 111 848 53 187 28 48 134 742 19 27 62 214 140 177 179 160 221 858 394 533 382 58 84 87 506 193 117 176 898 97 182 73 662 59 204 50 161 236 696 545 216 112 153 120 22 625 149 54 172 7 164 544 203 235 777 101 85 194 46 39 726 139 11 125 729 100 55 17 67 34 107 209 149 211 177 746 655 455 755 242 249 62 116 224 73 194 409 136 154 115 206 31 121 93 74 173 8 842 541 68 81 31 9 197 146 85 149 123 490 354 566 618 184 214 121 104 130 701 6 60 123 5 869 193 396 95 64 18 231 243 148 20 527 196 28 785 173 152 168 131 225 520 200 96 19 45 12 117 400 73 69 195 183 163 90 175 520 687 35 59 24 128 92 185 196 133 109 167 479 353 812 566 418 211 32 176 19 207 196 680 92 16 118 85 7 196 94 559 21 170 634 10 41 134 94 578 123 365 136 65 248 86 44 242 397 176 97 111 68 557 121 7 113 861 220 18 172 639 772 193 38 123 65 208 120
has_camera
0 1 0 1 1 1 0 0 1 1 1 1 1 0 1 1 0 0 1 0 0 0 0 0 1 0 0 0 0 0 0 1 0 1 1 0 0 1 1 0 0 0 0 0 0 0 0 0 0 0 0 1 1 0 0 0 0 0 0 1 1 0 0 0 1 0 1 0 0 1 0 1 0 0 0 0 1 0 1 0 0 1 0 0 0 1 0 1 1 0 0 1 1 0 1 1 0 0 1 0 1 0 0 1 0 0 0 0 0 0 0 0 0 0 0 0 0 1 0 0 0 0 0 1 0 0 0 0 0 1 1 0 0 0 0 1 0 0 0 0 0 1 0 1 0 1 0 0 0 1 0 0 1 0 0 0 0 1 0 0 1 0 0 0 0 0 0 0 0 1 0 0 1 0 1 1 1 0 0 1 0 1 0 0 0 0 0 1 1 1 0 0 1 1 0 0 0 0 0 0 0 0 0 1 0 0 0 1 0 1 0 1 1 0 0 0 0 0 0 0 1 1 0 1 0 0 0 0 0 0 0 0 0 0 1 0 0 1 0 0 0 0 0 0 0 0 0 0 1 1 0 0 0 1
has_gpu
0 1 0 1 1 0 0 0 1 0 1 0 0 0 0 0 0 0 0 0 0 0 0 0 0 0 0 0 1 1 0 1 1 1 1 1 0 1 0 0 1 0 1 1 0 1 0 0 0 0 1 1 1 0 1 0 1 0 0 1 0 0 0 1 1 0 1 0 0 0 1 0 0 0 0 0 0 1 0 1 0 0 0 0 1 0 1 0 1 0 0 0 0 0 1 0 0 1 0 0 1 1 0 1 0 0 0 0 0 0 1 1 1 1 1 0 0 0 0 1 0 0 0 0 1 0 0 0 0 1 1 1 1 1 1 1 1 0 0 0 0 0 1 1 0 1 0 0 0 0 1 0 1 0 0 1 1 1 0 1 0 0 0 1 0 1 0 0 1 1 0 0 1 1 1 0 0 0 0 1 0 0 0 1 1 0 0 0 1 0 0 1 0 1 1 0 0 0 0 0 0 0 1 1 1 0 0 1 0 1 1 1 0 0 1 1 0 1 0 0 0 1 0 1 0 1 0 0 1 1 1 1 1 0 1 0 1 1 0 0 1 1 0 0 0 1 0 0 1 1 0 0 1 1
bandwidth
0,3 107
1,0 58
1,2 107
2,1 74
3,0 195
4,2 197
4,0 135
5,1 59
7,6 198
8,6 166
9,8 141
10,6 68
11,6 68
12,11 107
13,6 189
14,9 119
15,10 143
16,6 200
18,17 174
18,24 90
19,17 64
19,18 123
20,17 62
20,21 147
20,24 58
21,17 159
22,17 90
22,18 136
23,22 97
23,19 72
24,19 153
26,25 105
26,33 162
27,25 187
28,27 164
28,29 166
29,27 51
30,25 162
31,28 153
31,26 160
31,35 139
32,27 98
33,31 172
34,31 173
35,32 148
36,25 157
37,38 135
38,39 129
39,40 158
40,41 151
41,42 121
42,43 130
43,44 66
44,45 182
45,46 173
46,47 96
47,48 94
50,49 116
51,49 55
52,49 155
54,53 93
55,54 157
56,55 112
57,53 171
58,55 127
59,57 55
60,56 168
61,53 172
62,56 171
63,54 136
64,60 56
65,57 87
66,63 109
68,67 120
69,68 105
70,69 73
71,69 142
72,68 149
73,70 178
73,68 197
74,67 152
75,69 167
76,70 148
77,71 79
78,76 137
78,75 158
79,71 124
81,80 55
82,80 110
83,80 56
83,89 97
84,83 131
85,83 188
85,80 74
86,81 150
87,86 144
88,85 67
89,80 178
89,90 111
90,81 200
91,86 165
92,89 115
93,95 120
94,93 104
94,95 96
95,94 66
96,97 116
97,98 161
98,99 58
99,100 114
100,101 163
101,102 55
102,103 153
103,104 158
104,105 197
107,106 192
108,107 180
109,107 198
110,108 111
110,106 176
111,108 184
111,106 143
112,108 154
112,111 85
113,110 163
113,108 196
114,109 164
114,107 126
116,115 79
117,115 75
118,116 141
119,115 162
120,118 132
121,118 99
122,119 134
123,121 89
124,118 106
125,124 99
126,115 76
127,115 183
128,125 157
129,126 95
130,131 145
131,132 128
132,133 172
133,134 74
134,135 153
135,136 68
136,137 136
137,138 123
140,139 97
141,140 89
142,140 197
143,141 193
144,141 89
145,142 75
146,140 124
147,145 101
148,143 181
149,144 180
150,148 93
152,151 76
152,159 109
152,154 124
153,151 152
153,154 53
154,153 86
155,154 88
156,155 174
157,153 82
157,160 57
158,154 167
158,156 178
158,153 151
159,154 134
159,152 111
159,158 85
160,159 154
160,153 124
162,161 99
163,162 169
165,164 83
165,174 180
166,164 128
166,167 175
167,164 153
167,177 165
168,167 131
169,168 158
170,164 143
171,165 139
172,168 190
173,172 109
173,169 177
173,176 78
174,173 151
175,169 188
175,166 104
175,172 155
176,171 96
176,169 88
177,164 56
178,179 142
179,180 181
180,181 130
181,182 173
182,183 182
183,184 198
184,185 60
185,186 87
187,188 93
188,189 72
189,190 100
190,191 133
191,192 175
192,193 184
193,194 112
194,195 117
195,196 127
196,197 141
197,198 171
198,199 56
201,200 189
201,204 140
201,203 126
202,201 83
203,202 197
203,201 117
204,202 159
205,203 135
205,207 177
205,202 130
206,201 192
206,207 61
207,202 105
207,205 195
209,208 50
210,209 83
211,208 63
212,208 178
213,212 79
214,209 146
215,209 165
216,208 141
217,215 162
218,216 195
220,219 165
221,219 164
222,219 193
223,219 56
225,224 69
225,232 172
225,230 145
225,228 127
225,229 197
226,224 78
226,227 172
227,225 89
228,227 186
228,225 72
229,226 179
230,225 122
230,232 149
231,229 121
231,225 57
232,225 75
232,229 178
234,233 85
235,234 144
236,234 67
236,238 106
236,245 76
237,235 59
238,233 81
238,234 115
239,238 116
240,235 56
241,239 59
242,233 197
243,242 152
243,235 96
244,241 187
244,233 183
245,236 106
247,246 94
247,250 186
247,249 114
248,247 159
249,248 81
249,247 194
250,248 150
251,249 168
251,253 92
251,248 200
252,247 97
252,253 169
253,248 77
253,251 182
latency
0,3 3
1,0 4
1,2 3
2,1 3
3,0 3
4,2 3
4,0 4
5,1 4
7,6 3
8,6 4
9,8 2
10,6 4
11,6 4
12,11 2
13,6 2
14,9 3
15,10 2
16,6 2
18,17 2
18,24 4
19,17 4
19,18 2
20,17 3
20,21 4
20,24 4
21,17 2
22,17 4
22,18 3
23,22 4
23,19 4
24,19 3
26,25 2
26,33 4
27,25 4
28,27 3
28,29 3
29,27 3
30,25 4
31,28 4
31,26 2
31,35 2
32,27 3
33,31 3
34,31 3
35,32 3
36,25 2
37,38 3
38,39 3
39,40 4
40,41 4
41,42 4
42,43 4
43,44 4
44,45 3
45,46 4
46,47 4
47,48 4
50,49 3
51,49 4
52,49 3
54,53 4
55,54 3
56,55 4
57,53 3
58,55 3
59,57 3
60,56 4
61,53 2
62,56 3
63,54 4
64,60 3
65,57 4
66,63 3
68,67 3
69,68 2
70,69 3
71,69 2
72,68 4
73,70 3
73,68 2
74,67 3
75,69 2
76,70 3
77,71 3
78,76 3
78,75 3
79,71 4
81,80 3
82,80 4
83,80 3
83,89 2
84,83 4
85,83 4
85,80 3
86,81 4
87,86 3
88,85 3
89,80 4
89,90 3
90,81 3
91,86 4
92,89 3
93,95 3
94,93 4
94,95 4
95,94 3
96,97 4
97,98 3
98,99 4
99,100 3
100,101 3
101,102 2
102,103 4
103,104 3
104,105 3
107,106 3
108,107 4
109,107 4
110,108 2
110,106 2
111,108 4
111,106 3
112,108 4
112,111 3
113,110 4
113,108 4
114,109 3
114,107 3
116,115 3
117,115 4
118,116 4
119,115 4
120,118 3
121,118 3
122,119 3
123,121 4
124,118 3
125,124 2
126,115 3
127,115 2
128,125 4
129,126 4
130,131 4
131,132 4
132,133 2
133,134 4
134,135 3
135,136 3
136,137 4
137,138 3
140,139 4
141,140 3
142,140 3
143,141 2
144,141 3
145,142 2
146,140 2
147,145 4
148,143 3
149,144 2
150,148 4
152,151 3
152,159 3
152,154 3
153,151 4
153,154 3
154,153 3
155,154 4
156,155 3
157,153 3
157,160 4
158,154 3
158,156 4
158,153 2
159,154 4
159,152 4
159,158 3
160,159 3
160,153 3
162,161 4
163,162 3
165,164 3
165,174 4
166,164 4
166,167 3
167,164 4
167,177 4
168,167 3
169,168 4
170,164 4
171,165 3
172,168 3
173,172 4
173,169 4
173,176 3
174,173 4
175,169 2
175,166 4
175,172 4
176,171 4
176,169 4
177,164 3
178,179 4
179,180 3
180,181 3
181,182 4
182,183 4
183,184 2
184,185 2
185,186 3
187,188 2
188,189 4
189,190 2
190,191 3
191,192 4
192,193 4
193,194 2
194,195 4
195,196 2
196,197 4
197,198 3
198,199 3
201,200 3
201,204 2
201,203 3
202,201 4
203,202 3
203,201 4
204,202 3
205,203 4
205,207 2
205,202 4
206,201 4
206,207 4
207,202 4
207,205 4
209,208 4
210,209 3
211,208 3
212,208 4
213,212 4
214,209 4
215,209 4
216,208 4
217,215 3
218,216 3
220,219 4
221,219 2
222,219 4
223,219 3
225,224 3
225,232 2
225,230 2
225,228 2
225,229 4
226,224 2
226,227 3
227,225 3
228,227 3
228,225 3
229,226 4
230,225 3
230,232 4
231,229 3
231,225 3
232,225 3
232,229 4
234,233 3
235,234 2
236,234 3
236,238 4
236,245 3
237,235 3
238,233 4
238,234 4
239,238 4
240,235 3
241,239 4
242,233 4
243,242 4
243,235 4
244,241 3
244,233 2
245,236 4
247,246 3
247,250 4
247,249 4
248,247 4
249,248 3
249,247 2
250,248 3
251,249 4
251,253 3
251,248 4
252,247 3
252,253 3
253,248 4
253,251 4
