core
492 136 16 229 747 75 110 866 152 110 71 760 240 186 82 6 244 220 566 68 43 378 239 16 110 113 11 53 135 83 157 208 637 851 754 140 142 155 365 160 38 94 95 58 7 428 889 172 247 231 112 164 13 43 375 138 193 13 51 23 704 188 168 457 187 89 742 113 213 153 244 419 30 128 241 21 24 26 46 25 182 174 239 118 235 216 179 114 482 576 454 655 363 241 18 239 51 211 176 17 67 34 107 209 149 211 177 746 655 799 120 172 157 52 415 99 47 764 214 228 578 154 232 144 69 63 717 210 68 212 693 411 163 438 202 54 170 147 110 140 233 49 194 68 669 215 174 25 21 408 750 831 147 222 88 197 65 47 8 101 90 47 52 65 156 154 198 176 108 90 88 241 429 372 660 754 140 142 155 365 160 38 94 95 58 7 785 227 57 210 39 187 869 158 50 44 112 148 407 111 195 212 40 782 30 170 36 31 173 192 95 678 771 662 246 32 104
has_camera
0 0 1 0 0 0 1 0 0 1 0 0 1 1 1 0 0 1 0 1 1 0 0 1 0 0 1 0 1 1 0 1 0 0 0 1 0 0 0 1 0 0 0 0 1 0 0 0 1 0 1 1 1 1 0 0 0 0 1 1 0 0 0 0 1 0 0 1 0 1 0 0 1 1 1 0 0 0 0 0 0 0 0 0 1 0 0 0 0 0 0 0 0 1 0 0 1 1 0 0 0 1 0 1 0 0 1 0 0 0 1 1 0 1 0 1 0 0 1 0 0 0 0 0 0 1 0 1 0 0 0 0 1 0 0 1 0 0 0 0 1 1 1 1 0 1 1 0 1 0 0 0 0 0 0 0 1 1 0 0 1 0 1 1 0 1 0 1 1 1 0 1 0 0 0 0 1 0 0 0 1 0 0 0 0 1 0 1 1 0 0 1 0 0 1 0 0 1 0 0 0 0 1 0 0 0 1 0 0 0 1 0 0 0 0 1 1
has_gpu
0 1 0 0 0 1 0 0 1 0 0 0 1 1 0 0 0 1 0 0 0 0 0 1 0 1 1 1 1 1 0 1 0 0 0 0 1 1 0 0 0 0 1 0 0 0 0 0 0 0 1 1 0 1 0 1 1 1 1 0 0 0 1 0 0 0 0 0 0 1 0 0 0 0 0 0 0 1 0 1 1 1 0 0 1 0 1 1 0 0 0 0 0 1 0 1 1 1 0 0 1 0 0 1 1 0 1 0 0 0 1 0 0 0 0 1 0 0 0 0 0 0 0 0 0 0 0 1 0 1 0 0 0 0 1 1 0 1 0 0 0 0 1 0 0 1 0 0 1 0 0 0 1 1 0 0 0 1 0 0 0 1 0 1 1 0 0 1 0 1 0 1 0 0 0 0 0 1 1 0 0 0 0 1 0 0 0 1 0 0 1 0 0 1 1 1 1 0 0 0 1 0 0 0 0 0 1 0 1 1 0 0 0 0 0 1 1
bandwidth
1,0 148
2,1 109
3,0 124
4,0 54
5,4 167
6,1 179
7,9 119
8,7 144
9,7 66
9,10 159
10,9 165
12,11 133
13,12 174
14,11 96
15,13 128
16,14 159
17,11 100
18,11 199
19,15 113
20,19 125
21,11 181
22,17 171
23,15 98
24,13 51
25,13 92
26,27 89
27,28 158
28,29 122
29,30 91
30,31 167
31,32 52
32,33 116
35,34 67
36,35 76
37,34 69
38,34 172
39,38 185
40,39 111
41,38 101
42,37 126
43,41 161
44,41 67
45,53 183
45,46 136
46,45 105
47,46 130
48,46 169
49,46 185
50,46 117
51,46 154
52,47 58
53,51 72
55,54 52
56,55 66
57,56 74
57,59 91
57,54 87
58,56 107
59,57 123
59,56 134
60,54 87
60,64 187
60,58 132
61,55 67
62,56 60
62,61 148
63,54 55
63,57 196
64,61 61
64,62 166
65,60 170
65,62 72
67,66 112
68,67 128
68,71 101
68,74 186
69,67 82
69,75 140
70,66 53
70,67 102
71,66 148
72,69 50
73,70 198
74,70 72
75,72 121
76,69 178
77,78 164
78,79 54
79,80 110
80,81 77
81,82 194
82,83 186
83,84 107
84,85 200
85,86 153
86,87 132
87,88 165
88,89 154
89,90 135
92,91 153
92,95 79
92,94 160
93,92 50
94,93 158
94,92 112
95,93 81
96,94 134
96,98 194
96,93 117
97,92 69
97,98 164
98,93 161
98,96 99
99,100 116
100,101 161
101,102 58
102,103 114
103,104 163
104,105 55
105,106 153
106,107 158
107,108 197
110,109 70
111,109 181
112,111 167
113,112 169
114,109 136
115,114 69
116,112 75
118,117 115
119,117 64
120,117 178
120,126 91
121,120 200
122,120 152
122,117 152
123,118 167
124,123 63
125,122 149
126,117 158
126,127 136
127,118 193
128,123 192
129,126 97
131,130 143
132,131 134
133,130 151
134,131 129
135,134 147
136,132 194
137,131 54
138,134 108
139,131 115
140,139 119
141,140 114
142,132 73
143,138 64
144,148 183
145,144 120
146,145 142
146,147 127
147,146 134
148,146 61
148,147 136
148,144 196
150,149 127
151,149 132
152,151 179
153,150 121
154,151 72
155,150 142
155,152 76
156,155 200
156,149 147
157,152 51
158,156 108
158,159 74
158,149 172
159,154 166
159,158 184
159,152 92
160,154 186
161,162 158
162,163 50
163,164 107
164,165 152
165,166 138
166,167 85
167,168 56
168,169 77
169,170 176
170,171 81
171,172 132
172,173 53
173,174 77
176,175 67
177,176 76
178,175 69
179,175 172
180,179 185
181,180 111
182,179 101
183,178 126
184,182 161
185,182 67
186,189 123
187,186 129
187,188 63
188,187 139
189,186 96
190,188 163
190,186 123
191,187 139
193,192 161
194,193 188
195,193 167
196,192 187
197,192 80
198,202 196
199,198 67
200,198 119
201,200 150
202,201 164
203,198 162
204,201 160
204,205 129
205,200 103
205,201 195
205,203 181
206,207 168
207,208 108
208,209 177
209,210 58
210,211 96
211,212 198
213,215 145
214,213 172
215,214 120
216,213 134
216,215 183
latency
1,0 4
2,1 3
3,0 4
4,0 3
5,4 3
6,1 2
7,9 2
8,7 4
9,7 4
9,10 3
10,9 3
12,11 4
13,12 4
14,11 4
15,13 4
16,14 4
17,11 3
18,11 3
19,15 4
20,19 4
21,11 3
22,17 4
23,15 4
24,13 2
25,13 4
26,27 4
27,28 4
28,29 4
29,30 2
30,31 4
31,32 3
32,33 3
35,34 2
36,35 4
37,34 3
38,34 2
39,38 3
40,39 3
41,38 3
42,37 4
43,41 3
44,41 2
45,53 2
45,46 3
46,45 3
47,46 2
48,46 3
49,46 2
50,46 2
51,46 3
52,47 4
53,51 4
55,54 3
56,55 3
57,56 4
57,59 4
57,54 4
58,56 3
59,57 4
59,56 2
60,54 4
60,64 2
60,58 2
61,55 3
62,56 3
62,61 4
63,54 4
63,57 3
64,61 3
64,62 3
65,60 3
65,62 3
67,66 3
68,67 3
68,71 3
68,74 3
69,67 4
69,75 3
70,66 4
70,67 4
71,66 4
72,69 3
73,70 4
74,70 4
75,72 4
76,69 2
77,78 3
78,79 3
79,80 3
80,81 3
81,82 4
82,83 2
83,84 3
84,85 3
85,86 3
86,87 4
87,88 3
88,89 4
89,90 4
92,91 4
92,95 3
92,94 2
93,92 3
94,93 2
94,92 4
95,93 3
96,94 3
96,98 3
96,93 3
97,92 4
97,98 4
98,93 2
98,96 4
99,100 4
100,101 3
101,102 4
102,103 3
103,104 3
104,105 2
105,106 4
106,107 3
107,108 3
110,109 4
111,109 4
112,111 3
113,112 4
114,109 4
115,114 4
116,112 4
118,117 4
119,117 3
120,117 4
120,126 3
121,120 2
122,120 4
122,117 3
123,118 3
124,123 4
125,122 2
126,117 4
126,127 3
127,118 2
128,123 4
129,126 4
131,130 3
132,131 4
133,130 3
134,131 4
135,134 4
136,132 3
137,131 3
138,134 3
139,131 3
140,139 4
141,140 4
142,132 4
143,138 4
144,148 3
145,144 3
146,145 3
146,147 3
147,146 4
148,146 4
148,147 4
148,144 2
150,149 3
151,149 2
152,151 3
153,150 4
154,151 4
155,150 4
155,152 2
156,155 4
156,149 4
157,152 3
158,156 3
158,159 3
158,149 2
159,154 3
159,158 3
159,152 3
160,154 3
161,162 3
162,163 4
163,164 2
164,165 3
165,166 4
166,167 4
167,168 4
168,169 3
169,170 3
170,171 3
171,172 2
172,173 2
173,174 3
176,175 2
177,176 4
178,175 3
179,175 2
180,179 3
181,180 3
182,179 3
183,178 4
184,182 3
185,182 2
186,189 3
187,186 3
187,188 3
188,187 3
189,186 2
190,188 3
190,186 4
191,187 4
193,192 2
194,193 4
195,193 3
196,192 3
197,192 3
198,202 4
199,198 2
200,198 2
201,200 3
202,201 4
203,198 3
204,201 3
204,205 4
205,200 2
205,201 3
205,203 4
206,207 4
207,208 3
208,209 3
209,210 4
210,211 3
211,212 3
213,215 3
214,213 4
215,214 4
216,213 4
216,215 3
