core
749 106 184 807 56 197 183 9 530 168 710 180 74 126 11 742 400 685 157 120 82 163 36 5 7 135 95 444 108 221 32 26 20 41 24 39 198 198 155 150 92 165 159 223 435 473 884 554 217 51 98 27 151 866 152 110 71 876 186 15 37 151 98 239 70 494 159 644 192 55 169 131 105 613 184 36 30 197 627 155 86 182 656 124 36 181 53 721 871 100 200 71 200 19 868 146 188 451 74 81 99 153 404 38 215 151 6 206 48 374 210 88 142 70 129 96 668 27 42 720 60 213 224 212 33 73 8 246 87 177 202 235 102 798 694 578 817 781 89 114 56 811 221 185 248 26 137 93 18 888 725 165 192 155 221 230 56 9 825 100 149 52 731 20 176 114 662 361 559 190 190 119 88 40 63 55 222 176 238 425 139 101 233 40 169 116 575 32 41 525 64 158 82 182 47 97 485 48 181 104 411 544 43 99 521 148 240 167 720 185 155 25 64 38 112 16 244 492 210
has_camera
0 0 1 0 1 0 1 1 0 0 0 1 0 0 1 0 0 0 0 1 0 0 1 1 1 1 0 0 1 1 1 1 0 0 1 0 0 0 0 0 0 0 0 0 0 0 0 0 1 0 1 1 1 0 0 1 0 0 1 0 0 0 1 1 1 0 0 0 0 1 0 1 0 0 0 0 1 0 0 0 1 0 0 0 0 0 1 0 0 0 0 0 1 1 0 0 1 0 1 1 0 1 0 1 0 1 1 1 1 0 0 0 1 1 0 0 0 0 1 0 0 1 1 0 1 1 0 0 0 0 0 0 0 0 0 0 0 0 1 0 1 0 1 1 1 1 0 0 0 0 0 0 0 0 0 0 0 0 0 0 0 0 0 1 0 1 0 0 0 0 1 0 0 0 0 1 0 0 0 0 0 1 1 1 0 1 0 1 0 0 1 0 1 0 0 0 0 1 1 0 0 0 1 1 0 0 0 0 0 0 0 0 0 1 0 0 1 0 0
has_gpu
0 1 1 0 0 0 1 0 0 0 0 0 0 0 1 0 0 0 0 0 0 1 1 1 0 1 1 0 0 1 0 0 1 0 0 0 1 0 0 1 1 1 1 0 0 0 0 0 1 0 1 1 0 0 1 0 0 0 1 0 1 0 0 0 0 0 0 0 1 1 0 0 1 0 1 0 1 1 0 1 1 1 0 0 1 1 0 0 0 1 1 0 0 0 0 1 0 0 0 0 0 0 0 1 0 1 1 1 0 0 1 0 1 0 0 1 0 1 0 0 1 0 1 1 1 1 0 1 0 0 0 1 0 0 0 0 0 0 0 0 1 0 0 1 1 0 1 0 1 0 0 1 0 0 1 0 1 0 0 0 1 0 0 0 0 0 0 0 0 0 0 0 1 0 1 0 0 0 1 0 0 0 0 1 0 0 0 0 1 0 0 1 1 0 0 0 0 1 1 1 0 0 1 0 0 0 0 1 0 1 0 0 0 0 0 0 0 0 1
bandwidth
1,0 104
2,1 133
3,0 96
4,2 62
5,3 111
6,3 90
7,6 73
8,9 105
9,8 124
10,8 139
11,10 196
11,8 129
11,9 137
12,11 107
13,9 110
13,8 117
14,12 140
16,15 76
17,15 51
18,17 103
19,16 185
20,17 181
21,16 150
21,18 126
22,21 71
22,15 148
23,18 119
24,22 116
24,25 55
24,15 133
25,20 154
25,24 190
25,18 89
26,20 90
27,31 98
28,27 153
29,27 110
30,28 79
31,29 71
32,33 123
33,34 109
34,35 200
35,36 90
36,37 134
37,38 109
38,39 72
39,40 116
40,41 114
41,42 153
42,43 99
43,44 164
44,45 143
45,46 144
47,50 107
48,47 58
48,49 107
49,48 74
50,47 195
51,49 197
51,47 135
52,48 59
53,55 119
54,53 144
55,53 66
55,56 159
56,55 165
57,64 196
58,57 98
58,59 57
59,58 82
60,59 137
60,64 179
61,57 175
61,58 68
62,57 61
62,58 162
63,62 184
63,59 174
64,59 122
64,57 158
65,57 92
66,58 80
66,62 78
68,67 143
69,68 147
69,77 180
70,67 66
70,76 59
71,70 68
71,73 176
72,67 62
73,67 68
74,73 170
75,74 199
75,73 86
76,71 82
77,73 117
77,67 177
79,78 82
80,78 140
81,79 103
82,78 103
83,79 189
84,83 119
85,79 199
86,83 120
88,87 86
89,88 127
90,89 186
91,90 167
92,88 148
93,91 82
95,94 83
96,94 156
97,94 71
98,96 142
99,97 103
100,97 95
101,95 134
102,94 191
103,99 163
104,102 179
105,97 154
106,104 70
107,96 131
108,104 92
109,110 180
110,109 53
111,109 170
111,119 72
112,110 123
113,112 175
113,111 86
114,110 118
115,109 171
115,121 118
116,109 54
117,112 186
118,113 65
119,109 69
119,111 64
120,112 165
120,111 80
121,112 176
121,114 137
121,115 150
122,112 91
123,110 138
123,115 177
124,125 172
125,126 130
126,127 193
127,128 110
128,129 140
129,130 141
130,131 187
131,132 53
132,133 180
133,134 102
134,135 133
137,136 177
138,137 193
139,137 99
140,138 61
140,139 176
141,136 147
142,137 194
143,141 55
143,144 58
144,143 200
145,140 185
146,143 165
147,141 115
148,140 151
149,157 140
149,150 124
150,149 107
151,150 56
152,150 126
153,150 78
154,150 159
155,150 132
156,151 177
157,155 75
158,160 72
159,158 51
160,158 167
161,159 192
162,158 168
162,164 177
162,159 153
163,162 106
164,160 145
165,159 140
167,166 167
168,166 124
169,168 68
170,168 94
171,168 94
172,167 175
173,172 77
174,171 87
175,172 93
176,167 123
177,170 130
178,168 140
179,180 99
180,179 64
181,179 176
181,189 167
182,180 50
183,182 152
183,181 101
184,180 79
185,179 93
185,191 101
186,179 183
187,182 169
188,183 175
189,179 127
189,181 72
190,182 190
190,181 52
191,182 82
191,184 132
191,185 101
192,182 68
193,180 75
193,185 139
194,195 63
195,196 88
197,198 117
198,199 181
199,200 193
202,201 104
203,201 165
205,204 120
205,216 109
205,209 195
206,204 165
206,211 149
207,205 56
208,204 145
208,213 159
209,208 192
210,208 113
210,211 149
211,207 157
212,211 139
213,211 76
213,214 176
214,210 192
215,213 120
216,210 133
216,208 108
217,204 57
218,206 118
218,205 54
218,208 181
latency
1,0 3
2,1 3
3,0 3
4,2 4
5,3 4
6,3 3
7,6 3
8,9 4
9,8 2
10,8 3
11,10 4
11,8 3
11,9 3
12,11 4
13,9 2
13,8 3
14,12 4
16,15 2
17,15 4
18,17 3
19,16 3
20,17 3
21,16 2
21,18 3
22,21 4
22,15 4
23,18 3
24,22 2
24,25 4
24,15 3
25,20 3
25,24 2
25,18 3
26,20 3
27,31 3
28,27 3
29,27 3
30,28 3
31,29 2
32,33 3
33,34 3
34,35 3
35,36 2
36,37 4
37,38 3
38,39 2
39,40 3
40,41 3
41,42 3
42,43 3
43,44 3
44,45 2
45,46 4
47,50 3
48,47 4
48,49 3
49,48 3
50,47 3
51,49 3
51,47 4
52,48 4
53,55 2
54,53 4
55,53 4
55,56 3
56,55 3
57,64 3
58,57 3
58,59 3
59,58 3
60,59 4
60,64 2
61,57 4
61,58 3
62,57 4
62,58 3
63,62 2
63,59 2
64,59 4
64,57 3
65,57 3
66,58 4
66,62 3
68,67 3
69,68 3
69,77 2
70,67 4
70,76 3
71,70 3
71,73 4
72,67 4
73,67 4
74,73 3
75,74 3
75,73 4
76,71 3
77,73 3
77,67 4
79,78 4
80,78 4
81,79 3
82,78 4
83,79 2
84,83 2
85,79 3
86,83 3
88,87 3
89,88 3
90,89 3
91,90 4
92,88 4
93,91 2
95,94 3
96,94 3
97,94 4
98,96 2
99,97 4
100,97 3
101,95 4
102,94 4
103,99 4
104,102 2
105,97 3
106,104 3
107,96 4
108,104 3
109,110 3
110,109 4
111,109 2
111,119 3
112,110 4
113,112 4
113,111 4
114,110 2
115,109 2
115,121 3
116,109 3
117,112 4
118,113 4
119,109 4
119,111 3
120,112 3
120,111 4
121,112 3
121,114 3
121,115 2
122,112 3
123,110 3
123,115 4
124,125 3
125,126 3
126,127 3
127,128 4
128,129 4
129,130 4
130,131 4
131,132 2
132,133 3
133,134 2
134,135 2
137,136 4
138,137 3
139,137 2
140,138 4
140,139 3
141,136 2
142,137 2
143,141 3
143,144 2
144,143 3
145,140 4
146,143 3
147,141 3
148,140 4
149,157 3
149,150 3
150,149 2
151,150 3
152,150 3
153,150 4
154,150 4
155,150 4
156,151 2
157,155 4
158,160 3
159,158 2
160,158 2
161,159 4
162,158 2
162,164 3
162,159 3
163,162 4
164,160 2
165,159 4
167,166 3
168,166 4
169,168 3
170,168 4
171,168 3
172,167 4
173,172 4
174,171 4
175,172 3
176,167 3
177,170 3
178,168 4
179,180 4
180,179 3
181,179 3
181,189 4
182,180 4
183,182 3
183,181 4
184,180 4
185,179 4
185,191 2
186,179 4
187,182 3
188,183 3
189,179 3
189,181 4
190,182 4
190,181 2
191,182 4
191,184 3
191,185 2
192,182 3
193,180 3
193,185 3
194,195 4
195,196 3
197,198 4
198,199 3
199,200 4
202,201 3
203,201 4
205,204 4
205,216 3
205,209 4
206,204 4
206,211 3
207,205 3
208,204 3
208,213 3
209,208 4
210,208 2
210,211 4
211,207 3
212,211 4
213,211 4
213,214 2
214,210 3
215,213 2
216,210 3
216,208 3
217,204 4
218,206 3
218,205 3
218,208 4
