core
814 83 43 139 91 106 690 122 53 781 97 144 220 35 98 30 19 592 86 8 61 47 8 222 97 129 97 117 129 188 190 547 529 435 29 6 125 154 187 155 192 606 735 527 196 28 681 84 142 21 15 807 152 29 53 139 144 461 194 137 6 15 492 136 16 229 747 75 110 34 160 109 550 749 67 182 183 243 74 430 673 165 224 59 115 60 486 121 177 35 5 35 59 24 128 92 185 196 133 109 167 479 353 812 591 241 206 71 376 19 138 117 567 174 90 189 72 447 35 184 461 40 203 244 185 36 436 671 191 83 233 53 208 249 147 192 357 664 25 71 236 673 561 121 58 91 25 250 190 42 74 43 250 222 184 167 100 248 202 683 516 870 678 761 185 209 60 40 240 767 233 102 145 72 61 888 725 165 192 155 221 230 56 9 726 229 186 37 127 244 37 95 71 169 358 556 517 204 668 105 56 80 112 105 170 239 43 97 10 41 21 49 221 105 128 163 244 127 685 385 782 890 22 169 216 223 68 780 356 139 102 223 112 641 49 202 158 39 47 823 226 154 5 131 47
has_camera
0 0 0 0 0 1 0 0 1 0 0 0 0 1 0 1 1 0 0 1 1 0 1 0 0 1 1 0 0 0 0 0 0 0 0 0 1 1 1 0 0 0 0 0 0 0 0 0 0 1 1 0 1 0 1 0 0 0 0 0 0 1 0 0 1 0 0 0 1 1 1 0 0 0 0 0 1 0 0 0 0 0 0 1 0 1 0 1 0 1 1 1 1 1 0 0 1 1 0 0 0 0 0 0 0 1 0 1 0 1 0 0 0 0 0 1 1 0 0 0 0 1 0 1 0 1 0 0 0 1 1 1 1 1 0 0 0 0 1 1 0 0 0 0 0 0 1 0 1 0 1 1 1 1 0 0 1 0 0 0 0 0 0 0 1 0 1 1 1 0 0 0 0 1 1 0 0 0 0 0 0 0 0 0 0 0 0 1 1 0 1 0 0 0 0 0 0 0 0 1 1 0 0 0 0 0 0 0 0 0 0 0 1 0 0 1 0 0 0 0 0 0 0 0 0 1 1 0 0 0 0 0 0 0 0 0 0 0 0 0 0 0 0 0 1
has_gpu
0 1 0 1 1 0 0 1 0 0 1 0 0 0 0 1 0 0 0 0 0 0 0 0 0 1 0 0 0 1 0 0 0 0 0 1 0 1 1 1 1 0 0 0 0 1 0 0 0 0 0 0 0 0 1 0 1 0 1 0 1 0 0 1 0 0 0 1 0 1 0 1 0 0 0 0 0 1 0 0 0 0 0 0 0 0 0 1 1 1 0 0 1 0 0 1 0 1 1 0 0 0 0 0 0 1 0 1 0 0 0 0 0 0 0 0 0 0 1 0 0 0 1 1 1 0 0 0 0 1 0 1 1 0 1 0 0 0 0 0 1 0 0 0 0 1 0 1 0 0 0 0 0 1 0 1 1 1 1 0 0 0 0 0 0 0 1 1 0 0 1 1 1 0 0 0 0 1 0 0 1 0 1 0 0 1 1 1 1 0 1 1 0 0 0 0 0 0 0 0 0 1 0 0 0 0 0 0 0 1 1 0 1 1 0 0 0 0 0 0 0 0 0 1 1 0 1 0 0 0 0 0 0 0 1 0 1 1 1 0 0 0 1 0 0
bandwidth
1,0 187
1,8 132
1,5 73
2,1 68
3,0 144
3,8 183
4,3 62
4,8 169
5,0 133
6,0 80
7,6 161
8,7 70
8,1 134
8,0 105
9,14 174
9,17 97
10,9 121
10,16 190
11,9 122
11,15 82
12,9 176
12,13 197
13,11 160
14,9 97
15,10 80
15,13 59
16,14 139
17,9 162
18,17 104
18,10 107
18,12 54
19,20 98
20,21 150
21,22 99
22,23 105
23,24 77
24,25 99
25,26 93
26,27 185
27,28 185
28,29 114
29,30 162
30,31 105
31,32 135
32,33 62
34,35 168
35,36 137
36,37 58
37,38 142
38,39 184
39,40 72
40,41 154
41,42 126
44,43 99
45,44 169
47,46 164
48,46 162
49,47 124
50,47 165
52,51 173
53,52 110
54,52 184
55,51 174
56,51 138
57,61 125
58,57 162
59,57 177
60,58 196
61,59 179
63,62 148
64,63 109
65,62 124
66,62 54
67,66 167
68,63 179
69,70 83
70,71 117
71,72 192
73,78 137
73,79 176
74,73 158
75,73 88
76,73 102
76,79 87
77,73 92
78,75 93
79,73 182
81,80 83
81,82 107
81,85 97
82,80 144
82,84 186
82,83 85
83,82 161
84,80 172
85,83 63
86,89 103
87,86 60
88,87 152
88,89 156
89,88 51
90,89 96
90,87 75
90,88 76
91,92 93
92,93 72
93,94 100
94,95 133
95,96 175
96,97 184
97,98 112
98,99 117
99,100 127
100,101 141
101,102 171
102,103 56
104,106 64
105,104 61
106,104 114
107,105 147
108,104 125
108,110 82
108,105 171
109,108 137
110,106 98
111,105 108
112,116 174
113,112 162
114,112 59
115,114 71
116,115 103
117,112 62
118,115 184
118,119 101
119,114 94
119,115 189
119,117 178
120,125 128
120,126 121
121,120 131
122,120 170
123,120 145
123,126 124
124,120 182
125,122 190
126,120 156
128,127 52
129,128 148
130,127 94
131,129 65
132,129 112
133,127 196
134,130 109
135,127 70
136,127 151
137,127 81
138,132 136
139,131 100
140,135 194
142,141 143
142,145 164
142,144 135
143,142 180
144,143 146
144,142 152
145,143 79
146,144 189
146,148 179
146,143 85
147,142 198
147,148 53
148,143 195
148,146 185
149,150 88
150,151 134
151,152 170
152,153 199
153,154 190
154,155 55
155,156 60
156,157 126
157,158 158
158,159 200
159,160 118
160,161 189
163,162 131
164,163 103
165,163 79
166,165 85
167,165 141
168,164 61
170,169 151
170,172 164
171,169 67
172,169 126
172,173 145
173,172 133
174,172 157
175,183 140
175,176 124
176,175 107
177,176 56
178,176 126
179,176 78
180,176 159
181,176 132
182,177 177
183,181 75
185,184 150
186,184 101
187,186 160
188,184 70
189,184 141
190,189 84
191,184 179
192,187 175
193,188 192
194,184 92
196,195 131
197,196 72
198,195 163
199,196 144
200,199 109
201,197 96
202,196 145
203,199 198
204,196 143
205,204 122
206,205 71
207,197 193
208,203 196
209,210 200
210,211 108
211,212 66
212,213 200
213,214 155
214,215 111
215,216 137
216,217 176
217,218 83
218,219 199
219,220 142
221,226 134
221,227 167
222,221 133
223,221 56
224,221 140
224,227 83
225,221 174
226,223 155
227,221 84
229,228 81
230,229 110
230,233 132
230,236 143
231,229 101
231,237 89
232,228 186
232,229 61
233,228 118
234,231 137
235,232 121
236,232 123
237,234 194
238,231 146
240,239 155
240,241 65
240,244 106
241,239 116
241,243 125
241,242 105
242,241 50
243,239 60
244,242 160
latency
1,0 3
1,8 3
1,5 4
2,1 4
3,0 3
3,8 3
4,3 3
4,8 4
5,0 3
6,0 4
7,6 4
8,7 3
8,1 4
8,0 4
9,14 3
9,17 3
10,9 3
10,16 3
11,9 4
11,15 3
12,9 3
12,13 3
13,11 4
14,9 4
15,10 4
15,13 3
16,14 4
17,9 3
18,17 3
18,10 3
18,12 3
19,20 4
20,21 3
21,22 3
22,23 3
23,24 3
24,25 4
25,26 4
26,27 4
27,28 4
28,29 3
29,30 3
30,31 3
31,32 4
32,33 3
34,35 3
35,36 3
36,37 3
37,38 2
38,39 3
39,40 4
40,41 3
41,42 3
44,43 4
45,44 3
47,46 4
48,46 3
49,47 2
50,47 2
52,51 3
53,52 4
54,52 3
55,51 4
56,51 3
57,61 2
58,57 4
59,57 3
60,58 4
61,59 3
63,62 4
64,63 3
65,62 4
66,62 3
67,66 3
68,63 2
69,70 3
70,71 3
71,72 4
73,78 4
73,79 4
74,73 3
75,73 4
76,73 3
76,79 4
77,73 4
78,75 3
79,73 3
81,80 4
81,82 3
81,85 3
82,80 4
82,84 2
82,83 4
83,82 3
84,80 3
85,83 3
86,89 3
87,86 4
88,87 3
88,89 3
89,88 2
90,89 2
90,87 4
90,88 3
91,92 2
92,93 4
93,94 2
94,95 3
95,96 4
96,97 4
97,98 2
98,99 4
99,100 2
100,101 4
101,102 3
102,103 3
104,106 3
105,104 3
106,104 4
107,105 4
108,104 4
108,110 4
108,105 3
109,108 2
110,106 3
111,105 4
112,116 4
113,112 3
114,112 4
115,114 4
116,115 3
117,112 4
118,115 3
118,119 4
119,114 3
119,115 4
119,117 3
120,125 4
120,126 2
121,120 2
122,120 4
123,120 3
123,126 4
124,120 4
125,122 4
126,120 3
128,127 3
129,128 4
130,127 4
131,129 4
132,129 2
133,127 4
134,130 4
135,127 4
136,127 3
137,127 3
138,132 4
139,131 4
140,135 4
142,141 3
142,145 4
142,144 2
143,142 4
144,143 3
144,142 4
145,143 4
146,144 3
146,148 4
146,143 4
147,142 3
147,148 2
148,143 3
148,146 3
149,150 3
150,151 3
151,152 4
152,153 4
153,154 4
154,155 3
155,156 3
156,157 3
157,158 3
158,159 4
159,160 3
160,161 4
163,162 4
164,163 4
165,163 4
166,165 4
167,165 2
168,164 3
170,169 3
170,172 4
171,169 4
172,169 3
172,173 4
173,172 4
174,172 3
175,183 3
175,176 3
176,175 2
177,176 3
178,176 3
179,176 4
180,176 4
181,176 4
182,177 2
183,181 4
185,184 4
186,184 3
187,186 2
188,184 4
189,184 4
190,189 4
191,184 3
192,187 3
193,188 4
194,184 4
196,195 3
197,196 3
198,195 4
199,196 4
200,199 3
201,197 4
202,196 4
203,199 3
204,196 4
205,204 3
206,205 3
207,197 3
208,203 3
209,210 3
210,211 3
211,212 3
212,213 3
213,214 2
214,215 4
215,216 3
216,217 4
217,218 3
218,219 3
219,220 3
221,226 3
221,227 4
222,221 4
223,221 2
224,221 4
224,227 4
225,221 3
226,223 4
227,221 3
229,228 3
230,229 4
230,233 4
230,236 3
231,229 2
231,237 3
232,228 2
232,229 3
233,228 4
234,231 2
235,232 4
236,232 3
237,234 3
238,231 4
240,239 4
240,241 4
240,244 4
241,239 4
241,243 3
241,242 3
242,241 3
243,239 3
244,242 2
