core
556 517 204 668 105 56 80 112 105 170 239 43 97 10 682 191 132 186 229 26 609 63 7 147 792 244 243 40 97 69 443 123 148 63 844 24 53 171 165 692 455 92 352 132 63 138 129 231 170 156 26 157 40 445 222 26 59 40 147 88 876 700 91 242 25 244 46 65 74 203 241 95 228 158 781 469 882 458 692 243 120 245 209 128 207 12 201 8 15 47 65 7 128 192 176 85 88 151 814 526 805 192 176 101 481 188 123 25 34 36 239 40 163 506 204 659 224 50 234 111 100 793 199 13 62 239 697 31 31 6 6 211 138 140 155 97 138 231 212 475 806 844 799 91 239 49 774 856 220 245 245 69 39 220 146 62 239 697 717 136 99 85 186 58 816 68 691 198 228 197 121 31 456 63 33 226 597 240 97 42 17 777 36 75 238 168
has_camera
0 0 0 0 1 1 0 0 0 0 0 0 0 0 0 0 0 1 1 1 0 0 0 0 0 0 1 0 1 0 0 0 0 1 0 1 1 0 0 0 0 0 0 0 1 0 0 0 0 0 0 0 0 0 0 0 1 0 0 0 0 0 1 1 0 0 1 1 0 1 0 0 1 0 0 0 0 0 0 0 1 1 0 0 0 0 0 1 0 0 0 0 0 0 0 1 0 0 0 0 0 0 1 1 0 0 1 1 0 0 0 1 1 0 0 0 0 0 0 0 0 0 1 0 0 1 0 1 1 1 1 0 0 0 0 0 1 1 0 0 0 0 0 0 0 0 0 0 1 0 1 1 0 0 1 0 1 0 0 0 0 0 0 0 0 1 0 0 0 1 1 1 0 1 1 0 0 0 0 0 0 0 1 0 0 0
has_gpu
0 0 0 0 0 0 1 0 0 0 0 0 0 0 0 1 1 0 1 0 0 0 0 0 0 0 0 1 0 1 0 1 1 0 0 0 0 1 0 0 0 0 0 0 1 0 1 1 0 1 0 0 0 0 1 0 0 1 1 0 0 0 1 0 1 1 0 0 1 1 1 0 1 0 0 0 0 0 0 1 0 1 0 0 0 1 0 1 0 0 0 1 1 0 0 0 0 1 0 0 0 0 0 1 0 1 0 0 1 0 0 1 0 0 1 0 1 0 0 0 1 0 0 0 0 0 0 0 0 0 0 1 0 0 0 0 1 1 0 0 0 0 0 0 1 0 0 0 1 1 1 0 0 0 1 0 0 0 0 0 0 0 1 1 0 0 0 1 0 0 0 0 0 0 0 0 0 1 1 0 0 0 0 1 0 1
bandwidth
1,0 131
2,1 72
3,0 163
4,1 144
5,4 109
6,2 96
7,1 145
8,4 198
9,1 143
10,9 122
11,10 71
12,2 193
13,8 196
15,14 65
16,14 64
17,16 130
18,16 160
19,18 58
20,14 104
21,17 81
22,19 177
23,18 108
25,24 123
26,24 170
27,26 147
28,24 110
29,27 119
30,24 94
31,26 54
32,25 78
33,27 55
35,34 89
35,36 96
36,35 98
37,34 78
38,34 113
40,39 118
41,40 111
42,39 175
43,40 91
44,43 192
45,41 193
46,40 144
47,43 110
48,40 119
49,48 185
50,49 78
51,41 82
52,47 182
53,55 144
54,53 123
54,55 77
55,54 143
56,57 144
57,58 125
58,59 65
59,60 52
61,66 92
62,61 74
63,62 185
63,65 99
64,63 59
65,62 127
65,61 103
66,63 176
67,68 166
68,69 71
69,70 113
70,71 114
71,72 199
72,73 145
73,74 182
74,75 113
77,76 65
78,76 60
79,78 174
80,79 156
81,79 184
82,78 89
83,78 56
84,81 158
85,84 79
86,81 184
87,86 67
88,84 134
89,90 147
90,91 155
91,92 118
92,93 172
93,94 191
94,95 78
95,96 93
96,97 195
97,98 190
98,99 160
101,100 176
101,112 111
101,105 140
102,100 141
102,107 81
103,101 63
104,100 60
104,109 102
105,104 189
106,104 74
106,107 152
107,103 73
108,107 147
109,107 146
109,110 198
110,106 90
111,109 62
112,106 53
112,104 118
113,100 172
114,102 192
114,101 181
114,104 144
116,115 180
116,123 122
116,120 183
117,116 91
118,115 174
118,123 69
119,118 102
119,123 60
120,115 166
121,115 155
122,121 163
123,122 118
123,116 175
123,115 66
124,125 87
125,126 151
127,128 118
128,129 163
129,130 68
130,131 135
131,132 185
132,133 121
133,134 54
134,135 74
135,136 144
136,137 66
137,138 99
138,139 184
139,140 198
140,141 55
143,142 118
144,142 94
145,143 145
146,142 187
147,142 52
148,144 130
149,146 130
150,146 55
151,145 72
152,150 89
153,146 88
154,143 153
155,156 87
156,157 151
159,158 173
160,159 116
161,158 95
162,161 191
163,162 59
164,158 119
165,162 51
167,166 116
168,166 135
169,168 199
170,168 119
171,170 80
172,166 187
173,169 139
174,171 81
175,170 80
176,179 187
177,176 146
178,177 66
178,179 181
179,178 159
180,179 184
180,177 101
180,178 136
182,181 129
183,181 109
184,181 69
185,181 113
latency
1,0 3
2,1 3
3,0 4
4,1 4
5,4 3
6,2 4
7,1 4
8,4 3
9,1 4
10,9 3
11,10 3
12,2 3
13,8 3
15,14 3
16,14 2
17,16 4
18,16 3
19,18 3
20,14 3
21,17 3
22,19 4
23,18 4
25,24 4
26,24 4
27,26 4
28,24 4
29,27 3
30,24 3
31,26 3
32,25 3
33,27 2
35,34 3
35,36 4
36,35 2
37,34 4
38,34 3
40,39 3
41,40 3
42,39 4
43,40 3
44,43 3
45,41 3
46,40 3
47,43 4
48,40 4
49,48 4
50,49 3
51,41 4
52,47 2
53,55 2
54,53 3
54,55 4
55,54 2
56,57 3
57,58 3
58,59 2
59,60 3
61,66 3
62,61 4
63,62 4
63,65 3
64,63 3
65,62 3
65,61 4
66,63 4
67,68 3
68,69 3
69,70 2
70,71 3
71,72 2
72,73 3
73,74 4
74,75 4
77,76 3
78,76 2
79,78 3
80,79 2
81,79 4
82,78 4
83,78 2
84,81 4
85,84 3
86,81 2
87,86 3
88,84 2
89,90 4
90,91 4
91,92 4
92,93 2
93,94 4
94,95 4
95,96 3
96,97 2
97,98 4
98,99 2
101,100 4
101,112 4
101,105 4
102,100 4
102,107 4
103,101 4
104,100 4
104,109 3
105,104 3
106,104 3
106,107 4
107,103 3
108,107 3
109,107 4
109,110 4
110,106 4
111,109 4
112,106 4
112,104 2
113,100 4
114,102 3
114,101 3
114,104 3
116,115 4
116,123 3
116,120 4
117,116 3
118,115 3
118,123 2
119,118 3
119,123 3
120,115 3
121,115 4
122,121 4
123,122 4
123,116 4
123,115 3
124,125 4
125,126 4
127,128 3
128,129 4
129,130 3
130,131 3
131,132 3
132,133 3
133,134 3
134,135 3
135,136 2
136,137 4
137,138 3
138,139 3
139,140 4
140,141 4
143,142 3
144,142 2
145,143 4
146,142 3
147,142 2
148,144 2
149,146 4
150,146 4
151,145 3
152,150 3
153,146 3
154,143 4
155,156 4
156,157 4
159,158 4
160,159 3
161,158 4
162,161 3
163,162 4
164,158 3
165,162 4
167,166 2
168,166 3
169,168 3
170,168 3
171,170 3
172,166 4
173,169 3
174,171 3
175,170 3
176,179 3
177,176 3
178,177 3
178,179 4
179,178 3
180,179 4
180,177 3
180,178 3
182,181 4
183,181 3
184,181 4
185,181 4
