core
869 158 50 44 112 148 726 229 186 37 127 244 37 95 71 169 358 798 40 160 151 860 198 188 45 31 9 197 146 85 149 123 490 354 687 185 112 201 353 61 173 47 174 703 228 99 183 62 239 119 422 21 47 442 66 149 153 81 790 110 183 74 41 175 192 111 36 563 787 130 73 230 769 184 72 199 195 442 147 26 123 357 191 67 127 83 131 672 190 39 68 83 439 213 153 165 5 47 900 358 723 154 110 101 88 18 22 74 226 132 132 54 75 51 88 230 206 127 166 104 134 218 580 517 409 424 200 87 195 209 17 107 36 490 890 37 131 130 173 61 769 184 72 199 195 442 147 26 123 593 223 145 49 10 505 130 222 751 111 162 171 46 41 30 874 193 358 121 36 16 212 145 212 164 20 577 209 581 623 81 234 15 213 118 225 55 57 150 233 730 159 57 238 195 726 202 53 150 680 474 81 30 181 47 193 222 42 74 43 250 222 184 167 100 248 202 683 516 870 807 100 97 84 59 208 33 229 221 120 515 756 193 38 377 43 182 566 618 184 214 121 104 130 701 6 60 123 5
has_camera
0 0 1 0 0 1 0 0 0 1 1 0 1 0 0 0 0 0 1 0 1 0 1 0 0 1 0 0 0 0 1 0 0 0 0 1 1 0 0 1 0 0 0 0 1 1 0 1 0 0 0 1 0 0 1 1 0 1 0 1 0 0 0 0 0 1 1 0 0 0 0 0 0 0 0 0 0 0 1 0 0 0 1 1 0 1 0 0 1 0 0 0 0 1 1 0 1 0 0 0 0 0 0 0 0 0 0 0 0 0 0 0 1 1 1 1 0 1 0 0 0 0 0 0 0 0 0 0 1 0 0 0 0 0 0 0 0 0 0 0 0 0 0 0 0 0 1 0 0 0 1 0 1 0 0 1 0 0 1 0 1 1 1 0 0 0 0 0 0 1 0 0 1 0 0 0 0 0 0 0 0 1 0 1 0 0 1 0 1 0 1 0 1 1 0 1 0 0 0 0 0 0 0 1 0 1 0 1 1 1 1 0 0 1 0 0 0 0 0 0 0 1 1 0 0 1 0 1 1 0 0 1 0 0 0 1 0 0 1 0 1 0 1 0 0 0 1 0
has_gpu
0 1 1 1 1 0 0 1 1 1 1 0 1 1 0 0 0 0 1 1 1 0 1 0 1 1 1 1 1 1 1 1 0 0 0 1 1 0 0 0 1 1 0 0 0 0 1 0 1 0 0 1 0 0 1 1 1 0 0 0 0 0 1 1 1 0 0 0 0 1 0 1 0 1 0 1 1 0 1 0 1 0 1 0 0 0 1 0 0 0 1 1 0 1 1 1 0 1 0 0 0 1 1 1 0 0 0 1 1 1 1 0 0 0 0 1 1 0 1 0 0 0 0 0 0 0 1 0 0 0 0 1 0 0 0 0 1 0 1 1 0 1 0 1 1 0 1 0 1 0 0 1 1 0 0 1 0 0 1 0 0 1 0 1 0 1 0 0 0 1 0 1 0 0 0 0 1 0 0 1 0 0 1 0 1 0 1 0 0 0 1 0 1 0 0 0 0 1 0 0 1 0 0 0 1 0 0 0 0 0 1 0 1 1 1 1 0 0 0 0 0 0 0 0 0 0 1 1 1 0 0 0 0 0 0 0 0 0 0 1 1 0 1 0 0 0 0 1
bandwidth
1,0 161
2,1 188
3,1 167
4,0 187
5,0 80
7,6 150
8,6 101
9,8 160
10,6 70
11,6 141
12,11 84
13,6 179
14,9 175
15,10 192
16,6 92
18,17 197
19,17 128
19,20 143
20,17 67
22,21 178
23,21 122
24,23 177
25,26 145
26,27 128
27,28 172
28,29 74
29,30 153
30,31 68
31,32 136
32,33 123
35,34 173
36,35 59
37,35 75
38,34 125
39,37 196
40,35 122
41,40 66
42,36 63
43,44 138
44,43 65
45,43 183
45,53 80
46,44 163
47,46 119
47,45 168
48,44 189
49,43 72
49,55 187
50,43 178
51,46 189
52,47 120
53,43 75
53,45 168
54,46 160
54,45 71
55,46 146
55,48 189
55,49 172
56,46 195
57,44 163
57,49 94
59,58 124
60,58 105
61,59 199
62,61 101
63,58 104
64,63 178
65,60 136
66,65 68
67,58 110
69,68 146
70,69 64
71,69 200
73,72 74
74,73 67
75,72 51
76,73 145
77,72 129
78,75 130
79,74 145
80,73 189
82,81 184
83,82 92
83,91 166
84,81 158
84,90 91
85,84 93
85,87 184
86,81 90
87,81 84
88,87 173
89,88 161
89,87 130
90,85 114
91,87 163
91,81 103
93,92 124
94,93 181
95,92 97
96,94 95
97,96 159
99,98 157
100,98 180
101,100 66
102,100 150
103,100 170
104,99 89
105,104 127
106,103 173
107,104 180
108,99 102
109,102 172
110,100 134
111,112 93
112,113 184
113,114 79
114,115 166
115,116 136
116,117 69
117,118 88
118,119 175
119,120 63
120,121 160
121,122 157
122,123 97
123,124 169
126,125 75
126,129 123
127,125 197
128,126 185
129,128 60
130,129 77
131,128 127
132,129 79
132,135 105
132,127 192
133,125 103
134,125 104
135,130 75
135,139 105
136,134 81
137,134 191
137,133 169
138,126 67
138,130 192
139,131 83
141,140 74
142,141 67
143,140 51
144,141 145
145,140 129
146,143 130
147,142 145
148,141 189
150,149 131
151,149 153
152,150 175
153,152 74
155,154 195
156,155 181
157,154 150
158,155 129
159,157 107
160,155 86
161,160 110
162,156 191
163,158 117
164,171 74
164,165 139
164,172 95
165,164 98
165,169 115
165,174 52
166,164 72
166,174 126
167,166 196
168,167 146
169,167 93
169,164 142
170,165 50
170,169 179
171,166 154
172,166 93
172,174 144
172,164 53
173,171 182
174,168 95
176,175 174
177,175 191
178,175 83
179,176 56
180,177 150
181,180 119
182,180 50
183,178 187
184,176 90
185,182 195
186,181 69
187,177 89
188,183 176
190,189 135
191,190 161
192,189 77
193,190 66
194,189 124
195,192 152
196,191 117
197,190 109
199,198 65
199,202 89
199,201 181
200,199 67
201,200 161
201,199 181
202,200 196
203,201 175
203,205 117
203,200 120
204,199 80
204,205 121
205,200 65
205,203 192
206,207 88
207,208 134
208,209 170
209,210 199
210,211 190
211,212 55
212,213 60
213,214 126
214,215 158
215,216 200
216,217 118
217,218 189
220,219 125
221,219 106
222,219 62
223,220 149
224,219 107
225,224 150
225,232 93
226,220 180
227,224 97
228,222 123
229,219 94
230,219 146
231,230 146
231,229 102
232,225 83
233,235 113
233,234 78
234,233 125
235,233 166
237,236 97
238,237 89
239,237 197
240,238 193
241,238 89
242,239 75
243,237 124
244,242 101
245,240 181
246,241 180
247,245 93
latency
1,0 2
2,1 4
3,1 3
4,0 3
5,0 3
7,6 4
8,6 3
9,8 2
10,6 4
11,6 4
12,11 4
13,6 3
14,9 3
15,10 4
16,6 4
18,17 3
19,17 4
19,20 4
20,17 3
22,21 4
23,21 2
24,23 3
25,26 4
26,27 4
27,28 2
28,29 4
29,30 3
30,31 3
31,32 4
32,33 3
35,34 4
36,35 2
37,35 4
38,34 2
39,37 2
40,35 4
41,40 4
42,36 3
43,44 2
44,43 3
45,43 4
45,53 4
46,44 3
47,46 3
47,45 2
48,44 3
49,43 4
49,55 2
50,43 3
51,46 3
52,47 2
53,43 3
53,45 4
54,46 4
54,45 4
55,46 3
55,48 2
55,49 4
56,46 4
57,44 4
57,49 2
59,58 4
60,58 3
61,59 4
62,61 4
63,58 4
64,63 3
65,60 4
66,65 4
67,58 3
69,68 3
70,69 4
71,69 4
73,72 4
74,73 4
75,72 3
76,73 4
77,72 4
78,75 2
79,74 3
80,73 3
82,81 4
83,82 2
83,91 4
84,81 4
84,90 4
85,84 4
85,87 3
86,81 4
87,81 4
88,87 2
89,88 4
89,87 2
90,85 3
91,87 4
91,81 4
93,92 3
94,93 3
95,92 4
96,94 4
97,96 3
99,98 3
100,98 4
101,100 4
102,100 4
103,100 3
104,99 4
105,104 4
106,103 3
107,104 2
108,99 3
109,102 3
110,100 3
111,112 4
112,113 4
113,114 2
114,115 3
115,116 3
116,117 3
117,118 2
118,119 4
119,120 3
120,121 2
121,122 3
122,123 2
123,124 3
126,125 3
126,129 4
127,125 4
128,126 3
129,128 2
130,129 3
131,128 2
132,129 4
132,135 3
132,127 3
133,125 2
134,125 3
135,130 4
135,139 3
136,134 2
137,134 4
137,133 4
138,126 4
138,130 4
139,131 3
141,140 4
142,141 4
143,140 3
144,141 4
145,140 4
146,143 2
147,142 3
148,141 3
150,149 2
151,149 3
152,150 3
153,152 3
155,154 3
156,155 4
157,154 2
158,155 3
159,157 3
160,155 3
161,160 4
162,156 3
163,158 4
164,171 2
164,165 3
164,172 4
165,164 3
165,169 4
165,174 3
166,164 3
166,174 4
167,166 3
168,167 2
169,167 3
169,164 4
170,165 3
170,169 4
171,166 3
172,166 2
172,174 3
172,164 3
173,171 4
174,168 4
176,175 4
177,175 2
178,175 4
179,176 2
180,177 3
181,180 3
182,180 3
183,178 3
184,176 3
185,182 4
186,181 4
187,177 4
188,183 2
190,189 3
191,190 4
192,189 3
193,190 2
194,189 2
195,192 4
196,191 3
197,190 3
199,198 4
199,202 3
199,201 3
200,199 4
201,200 4
201,199 2
202,200 4
203,201 3
203,205 3
203,200 3
204,199 3
204,205 3
205,200 3
205,203 3
206,207 3
207,208 3
208,209 4
209,210 4
210,211 4
211,212 3
212,213 3
213,214 3
214,215 3
215,216 4
216,217 3
217,218 4
220,219 4
221,219 4
222,219 2
223,220 4
224,219 4
225,224 3
225,232 4
226,220 3
227,224 2
228,222 3
229,219 4
230,219 4
231,230 4
231,229 4
232,225 3
233,235 4
233,234 4
234,233 2
235,233 4
237,236 4
238,237 3
239,237 3
240,238 2
241,238 3
242,239 2
243,237 2
244,242 4
245,240 3
246,241 2
247,245 4
