core
876 186 15 37 151 98 239 70 494 159 579 196 15 652 574 163 866 100 25 193 97 108 228 136 36 234 25 743 30 218 851 184 147 99 166 75 758 57 64 11 174 82 529 742 248 239 21 490 38 213 191 807 136 186 34 41 530 16 34 107 147 20 41 24 39 198 198 155 150 92 165 159 223 435 473 884 566 418 211 32 176 19 207 196 883 52 204 102 567 174 90 189 72 447 35 184 478 123 747 117 60 208 64 529 85 214 74 73 511 205 34 526 129 138 107 37 189 6 15 437 205 55 23 64 110 231 134 112 154 893 695 11 53 135 83 157 208 637 851 806 715 225 161 74 124 112 62 232 145 14
has_camera
0 1 0 0 0 1 1 1 0 0 0 1 1 0 0 0 0 1 1 1 0 1 0 1 1 0 1 0 0 0 0 0 0 0 0 0 0 0 0 0 1 0 0 0 0 1 0 0 1 1 0 0 0 0 0 0 0 0 1 1 0 0 0 1 0 0 0 0 0 0 0 0 0 0 0 0 0 0 0 1 0 0 0 1 0 1 0 0 0 0 0 1 1 0 0 0 0 0 0 0 0 0 1 0 1 1 0 1 0 0 0 0 1 1 1 0 1 0 0 0 0 1 1 1 0 0 0 0 1 0 0 1 0 1 1 0 1 0 0 0 0 1 0 0 0 0 0 0 0 0
has_gpu
0 1 0 1 0 0 0 0 0 0 0 0 0 0 0 1 0 0 0 0 0 1 0 1 1 1 1 0 0 1 0 0 0 0 0 0 0 0 0 0 0 0 0 0 1 1 0 0 1 1 0 0 0 1 0 1 0 0 0 1 0 1 0 0 0 1 0 0 1 1 1 1 0 0 0 0 0 0 1 1 1 0 0 1 0 0 1 1 0 0 0 0 0 0 1 0 0 0 0 1 0 1 0 0 0 1 0 0 0 1 1 0 0 1 1 0 1 1 1 0 0 0 0 0 1 1 1 0 0 0 0 1 1 1 1 0 1 0 0 0 0 1 0 1 1 0 0 0 0 1
bandwidth
0,7 196
1,0 98
1,2 57
2,1 82
3,2 137
3,7 179
4,0 175
4,1 68
5,0 61
5,1 162
6,5 184
6,2 174
7,2 122
7,0 158
8,0 92
9,1 80
9,5 78
10,12 75
10,11 54
11,10 96
12,11 166
14,13 182
15,14 155
16,13 160
17,14 177
18,17 114
19,15 193
20,14 104
21,17 137
22,14 87
23,22 53
24,23 93
25,15 135
26,21 154
28,27 58
29,27 102
31,30 196
32,31 118
33,30 110
34,33 181
35,34 130
36,30 80
37,34 128
38,39 53
39,40 101
40,41 87
41,42 158
43,45 195
44,43 135
45,43 159
46,44 58
47,43 112
47,49 129
47,44 83
48,47 181
49,45 190
50,44 153
51,54 193
52,51 72
53,52 59
53,54 85
54,53 54
55,54 140
55,52 127
55,53 145
57,56 53
57,58 153
58,57 65
59,56 149
60,56 158
61,62 123
62,63 109
63,64 200
64,65 90
65,66 134
66,67 109
67,68 72
68,69 116
69,70 114
70,71 153
71,72 99
72,73 164
73,74 143
74,75 144
77,76 189
77,80 140
77,79 126
78,77 83
79,78 197
79,77 117
80,78 159
81,79 135
81,83 177
81,78 130
82,77 192
82,83 61
83,78 105
83,81 195
85,84 96
86,84 150
87,84 168
88,92 174
89,88 162
90,88 59
91,90 71
92,91 103
93,88 62
94,91 184
94,95 101
95,90 94
95,91 189
95,93 178
96,97 83
97,96 80
98,96 191
99,98 158
99,96 74
99,97 149
100,99 167
101,97 59
101,96 193
102,100 82
104,103 57
105,103 134
106,104 73
107,106 199
109,108 71
110,109 131
111,116 151
111,119 144
112,111 96
112,118 140
113,111 84
113,117 81
114,111 81
114,115 150
115,113 61
116,111 162
117,112 146
117,115 98
118,116 170
119,111 50
120,119 136
120,112 169
120,114 158
121,122 177
122,123 73
123,124 145
124,125 59
125,126 92
126,127 180
127,128 190
128,129 149
129,130 157
131,132 89
132,133 158
133,134 122
134,135 91
135,136 167
136,137 52
137,138 116
140,139 145
140,145 157
141,140 51
142,140 70
143,141 93
144,140 110
144,143 196
145,142 192
146,145 72
147,141 59
148,144 108
149,148 86
latency
0,7 3
1,0 3
1,2 3
2,1 3
3,2 4
3,7 2
4,0 4
4,1 3
5,0 4
5,1 3
6,5 2
6,2 2
7,2 4
7,0 3
8,0 3
9,1 4
9,5 3
10,12 3
10,11 3
11,10 4
12,11 4
14,13 3
15,14 3
16,13 4
17,14 3
18,17 4
19,15 4
20,14 3
21,17 4
22,14 3
23,22 3
24,23 4
25,15 2
26,21 3
28,27 2
29,27 2
31,30 3
32,31 4
33,30 3
34,33 3
35,34 3
36,30 2
37,34 2
38,39 4
39,40 2
40,41 4
41,42 3
43,45 3
44,43 4
45,43 2
46,44 4
47,43 4
47,49 2
47,44 2
48,47 4
49,45 3
50,44 3
51,54 3
52,51 2
53,52 2
53,54 3
54,53 4
55,54 4
55,52 3
55,53 3
57,56 2
57,58 3
58,57 3
59,56 3
60,56 2
61,62 3
62,63 3
63,64 3
64,65 2
65,66 4
66,67 3
67,68 2
68,69 3
69,70 3
70,71 3
71,72 3
72,73 3
73,74 2
74,75 4
77,76 3
77,80 2
77,79 3
78,77 4
79,78 3
79,77 4
80,78 3
81,79 4
81,83 2
81,78 4
82,77 4
82,83 4
83,78 4
83,81 4
85,84 4
86,84 2
87,84 4
88,92 4
89,88 3
90,88 4
91,90 4
92,91 3
93,88 4
94,91 3
94,95 4
95,90 3
95,91 4
95,93 3
96,97 4
97,96 3
98,96 2
99,98 3
99,96 4
99,97 3
100,99 2
101,97 3
101,96 2
102,100 3
104,103 4
105,103 2
106,104 2
107,106 3
109,108 3
110,109 3
111,116 3
111,119 2
112,111 3
112,118 4
113,111 2
113,117 4
114,111 3
114,115 4
115,113 3
116,111 3
117,112 4
117,115 3
118,116 4
119,111 4
120,119 3
120,112 4
120,114 3
121,122 3
122,123 4
123,124 3
124,125 3
125,126 4
126,127 3
127,128 4
128,129 3
129,130 3
131,132 4
132,133 4
133,134 4
134,135 2
135,136 4
136,137 3
137,138 3
140,139 3
140,145 4
141,140 4
142,140 4
143,141 4
144,140 3
144,143 3
145,142 4
146,145 4
147,141 3
148,144 4
149,148 2
