core
797 183 247 133 198 57 207 141 56 199 29 593 534 19 125 17 67 34 107 209 149 211 177 746 655 880 198 85 178 208 20 883 58 424 200 87 195 209 17 107 36 490 890 37 131 130 173 61 512 238 239 163 417 107 64 172 21 366 622 170 237 35 491 232 169 233 21 24 118 36 31 173 192 95 678 771 405 108 157 8 193 53 669 215 174 25 21 483 177 72 844 24 53 171 165 652 574 163 866 100 25 193 97 108 228 136 36 234 25 62 239 697 862 239 151 75 81 49 697 566 98 122 213 205 37 659 218 36 123 41 191 715 392 137 245 34 53 91 60 42 14 226 105 132 169 108 230 127 240 550 509 475 409 136 154 115 206 31 121 93 74 173 8 842 541 68 81 805 192 176 101 481 188 123 25 34 36 239 40 163 506 204 405 108 157 8 193 53 483 90 44 88 603 59 113 11 24 23 126 212 173 235 110 885 660 360 106 226 23 369 162 33 739 108 494 19 129 25 222 206 44 206 86 636 228 129 52 146 22 778 171 211 14 695 245 127 223 555 136 17 209 75 414 172 207 522 212 171 126 32 72 67 749 67 182 183 243 74 430
has_camera
0 0 0 0 0 0 1 0 1 0 0 0 0 0 0 0 0 1 0 1 0 0 1 0 0 0 0 0 1 1 0 0 0 0 0 0 1 0 0 0 0 0 0 0 0 0 0 0 0 0 1 0 0 1 1 0 0 0 0 0 1 0 0 0 0 1 1 0 0 1 0 0 0 1 0 0 0 0 0 1 0 0 0 1 1 0 1 0 0 0 0 1 1 0 0 0 0 0 0 1 1 1 0 1 0 1 1 0 1 0 1 0 0 1 0 0 0 1 0 0 0 0 0 0 1 0 0 0 0 1 0 0 0 0 1 1 0 1 0 0 0 1 0 1 1 1 0 1 1 0 0 0 0 0 1 0 0 0 0 0 1 0 0 0 0 0 1 0 0 1 1 0 0 1 1 0 0 0 1 1 0 0 0 0 0 1 0 0 0 0 1 0 0 0 0 0 0 0 0 0 0 0 0 0 0 0 1 1 0 0 0 0 0 1 0 1 1 1 0 0 1 1 0 0 0 1 0 0 0 0 0 1 1 0 1 0 0 0 1 1 0 1 0 0 1 0 0 0 0 0 0 0 0 0 0 1 0 0 0
has_gpu
0 1 0 1 1 1 1 1 0 1 0 0 0 0 1 0 1 0 0 1 1 0 1 0 0 0 1 1 0 0 1 0 1 0 1 0 0 0 0 1 0 0 0 0 1 0 1 1 0 0 1 1 0 0 0 0 0 0 0 0 1 0 0 1 1 0 1 0 0 1 0 1 1 0 0 0 0 0 1 0 0 0 0 1 0 0 1 0 0 0 0 0 0 1 0 0 0 1 0 0 0 0 0 1 0 1 1 1 1 0 0 0 0 1 1 0 1 0 0 0 0 0 0 1 0 0 1 0 1 0 0 0 0 1 0 0 1 0 1 0 0 1 0 1 1 0 0 0 1 0 0 0 0 0 0 0 1 0 0 0 0 1 0 0 0 0 1 0 0 0 1 0 1 0 0 1 0 0 1 0 0 1 0 0 1 0 0 0 0 1 0 0 0 1 0 1 1 0 0 1 0 1 1 0 0 0 0 0 0 0 1 1 0 0 0 1 1 0 0 0 0 0 1 0 0 1 0 0 1 0 0 1 0 0 1 0 1 0 1 1 0 0 0 0 0 0 1 0 0 0 0 0 0 0 0 0 1 0 0
bandwidth
1,0 148
2,0 102
3,1 85
4,0 189
5,3 192
6,3 83
7,4 199
8,6 91
9,3 200
10,9 135
11,0 159
12,0 139
13,10 162
14,11 154
15,16 116
16,17 161
17,18 58
18,19 114
19,20 163
20,21 55
21,22 153
22,23 158
23,24 197
26,25 126
27,25 52
28,25 80
29,28 108
30,29 55
31,25 173
32,29 147
34,33 75
34,37 123
35,33 197
36,34 185
37,36 60
38,37 77
39,36 127
40,37 79
40,43 105
40,35 192
41,33 103
42,33 104
43,38 75
43,47 105
44,42 81
45,42 191
45,41 169
46,34 67
46,38 192
47,39 83
49,48 141
50,48 158
51,49 147
52,48 121
53,49 149
54,53 177
55,49 74
56,53 127
58,57 174
59,58 156
60,58 108
61,59 59
62,58 128
63,59 116
64,60 147
65,59 167
66,63 115
67,65 141
68,59 181
69,70 168
70,71 108
71,72 177
72,73 58
73,74 96
74,75 198
77,76 104
78,76 64
79,78 182
80,76 59
81,77 177
82,86 183
83,82 120
84,83 142
84,85 127
85,84 134
86,84 61
86,85 136
86,82 196
88,87 110
89,88 160
91,90 89
91,92 96
92,91 98
93,90 78
94,90 113
96,95 182
97,96 155
98,95 160
99,96 177
100,99 114
101,97 193
102,96 104
103,99 137
104,96 87
105,104 53
106,105 93
107,97 135
108,103 154
109,110 87
110,111 151
113,112 126
114,112 130
115,114 55
116,112 182
117,113 78
119,118 176
120,119 169
121,120 54
122,120 174
123,119 185
124,121 117
124,119 138
125,118 82
126,120 64
127,121 194
128,122 80
129,127 122
129,126 159
130,122 110
132,131 160
133,132 178
134,132 122
135,134 130
136,134 186
137,133 197
138,139 144
139,140 84
140,141 148
141,142 59
142,143 178
143,144 173
144,145 107
145,146 81
146,147 52
147,148 125
148,149 122
149,150 162
150,151 118
153,152 79
154,152 75
155,153 141
156,152 162
157,155 132
158,155 99
159,156 134
160,158 89
161,155 106
162,161 99
163,152 76
164,152 183
165,162 157
166,163 95
168,167 176
168,179 111
168,172 140
169,167 141
169,174 81
170,168 63
171,167 60
171,176 102
172,171 189
173,171 74
173,174 152
174,170 73
175,174 147
176,174 146
176,177 198
177,173 90
178,176 62
179,173 53
179,171 118
180,167 172
181,169 192
181,168 181
181,171 144
183,182 104
184,182 64
185,184 182
186,182 59
187,183 177
189,188 70
190,189 93
191,188 167
192,188 102
193,192 69
194,189 153
195,196 155
196,197 83
197,198 63
198,199 134
199,200 80
200,201 110
201,202 123
202,203 180
203,204 164
205,207 146
206,205 116
206,210 172
207,205 171
207,211 142
207,210 73
208,206 105
208,210 167
209,205 135
210,209 87
211,208 86
213,212 85
214,212 85
215,213 193
216,214 136
217,216 110
218,213 122
219,213 145
220,217 153
221,213 165
222,213 126
224,223 197
225,223 143
226,225 102
227,223 96
228,226 102
229,223 57
230,225 139
231,224 168
232,226 70
234,233 187
235,233 115
236,234 52
237,233 173
238,234 114
239,238 161
240,234 142
241,238 192
243,242 143
244,243 64
245,242 179
246,243 89
247,245 149
248,243 140
249,248 141
250,244 84
251,246 78
252,257 137
252,258 176
253,252 158
254,252 88
255,252 102
255,258 87
256,252 92
257,254 93
258,252 182
latency
1,0 2
2,0 2
3,1 3
4,0 2
5,3 2
6,3 4
7,4 3
8,6 3
9,3 3
10,9 3
11,0 3
12,0 3
13,10 4
14,11 3
15,16 4
16,17 3
17,18 4
18,19 3
19,20 3
20,21 2
21,22 4
22,23 3
23,24 3
26,25 3
27,25 4
28,25 2
29,28 3
30,29 4
31,25 4
32,29 3
34,33 3
34,37 4
35,33 4
36,34 3
37,36 2
38,37 3
39,36 2
40,37 4
40,43 3
40,35 3
41,33 2
42,33 3
43,38 4
43,47 3
44,42 2
45,42 4
45,41 4
46,34 4
46,38 4
47,39 3
49,48 3
50,48 3
51,49 4
52,48 3
53,49 4
54,53 4
55,49 3
56,53 3
58,57 2
59,58 3
60,58 3
61,59 3
62,58 3
63,59 2
64,60 3
65,59 4
66,63 4
67,65 2
68,59 2
69,70 4
70,71 3
71,72 3
72,73 4
73,74 3
74,75 3
77,76 4
78,76 4
79,78 4
80,76 3
81,77 3
82,86 3
83,82 3
84,83 3
84,85 3
85,84 4
86,84 4
86,85 4
86,82 2
88,87 4
89,88 2
91,90 3
91,92 4
92,91 2
93,90 4
94,90 3
96,95 3
97,96 3
98,95 4
99,96 3
100,99 4
101,97 4
102,96 3
103,99 4
104,96 3
105,104 3
106,105 4
107,97 2
108,103 3
109,110 4
110,111 4
113,112 3
114,112 2
115,114 4
116,112 3
117,113 3
119,118 3
120,119 3
121,120 3
122,120 3
123,119 3
124,121 4
124,119 3
125,118 4
126,120 3
127,121 3
128,122 4
129,127 2
129,126 2
130,122 3
132,131 4
133,132 4
134,132 3
135,134 3
136,134 3
137,133 4
138,139 3
139,140 4
140,141 3
141,142 4
142,143 4
143,144 4
144,145 3
145,146 3
146,147 4
147,148 3
148,149 4
149,150 4
150,151 3
153,152 3
154,152 4
155,153 4
156,152 4
157,155 3
158,155 3
159,156 3
160,158 4
161,155 3
162,161 2
163,152 3
164,152 2
165,162 4
166,163 4
168,167 4
168,179 4
168,172 4
169,167 4
169,174 4
170,168 4
171,167 4
171,176 3
172,171 3
173,171 3
173,174 4
174,170 3
175,174 3
176,174 4
176,177 4
177,173 4
178,176 4
179,173 4
179,171 2
180,167 4
181,169 3
181,168 3
181,171 3
183,182 4
184,182 4
185,184 4
186,182 3
187,183 3
189,188 2
190,189 4
191,188 3
192,188 2
193,192 3
194,189 4
195,196 2
196,197 4
197,198 3
198,199 3
199,200 2
200,201 4
201,202 4
202,203 2
203,204 3
205,207 2
206,205 3
206,210 2
207,205 2
207,211 4
207,210 3
208,206 4
208,210 4
209,205 4
210,209 3
211,208 3
213,212 3
214,212 4
215,213 3
216,214 3
217,216 4
218,213 4
219,213 2
220,217 2
221,213 3
222,213 4
224,223 4
225,223 3
226,225 3
227,223 4
228,226 2
229,223 4
230,225 4
231,224 4
232,226 4
234,233 3
235,233 4
236,234 2
237,233 4
238,234 3
239,238 4
240,234 3
241,238 4
243,242 3
244,243 3
245,242 4
246,243 3
247,245 3
248,243 3
249,248 3
250,244 4
251,246 4
252,257 4
252,258 4
253,252 3
254,252 4
255,252 3
255,258 4
256,252 4
257,254 3
258,252 3
