core
29 6 125 154 187 155 192 606 735 30 45 190 194 149 116 822 445 29 6 125 154 187 155 192 606 735 492 130 145 52 417 101 222 101 62 596 688 113 200 59 233 151 73 189 626 237 242 37 743 7 154 230 397 176 97 111 68 557 121 7 113 861 220 18 172 637 176 70 101 175 36 96 245 816 28 177 641 211 191 13 5 232 237 175 36 682 405 108 157 8 193 53 54 75 51 88 230 206 127 166 104 134 218 580 517 409 533 110 151 198 169 38 184 208 53 183 49 599 864 22 81 628 87 170 209 24 19 62 154 351 704 101 158 52 53 75 62 118 116 226 198 640 550 674 138 155 109 20 10 23 172 239 168 825 71 113 183 575 496 42 35 146 100 797 877 174 218 67 118 200 18 138 357 107 199 12 95 9 709 180 12 152 408 58 133
has_camera
0 0 1 1 1 0 0 0 0 1 0 0 0 0 0 0 0 0 0 1 1 1 0 0 0 0 0 0 0 1 0 0 1 0 1 0 0 1 1 1 0 0 0 0 0 1 1 1 0 0 0 0 0 1 0 0 1 0 0 0 0 0 0 0 0 0 1 0 0 0 1 0 0 0 0 0 0 0 0 1 0 1 0 1 1 0 0 0 0 1 0 0 0 1 1 1 1 0 1 0 0 0 0 0 0 0 0 1 1 0 1 1 0 0 1 0 0 0 0 0 0 0 0 0 1 1 1 0 0 0 0 0 0 0 0 0 1 0 0 0 1 0 0 0 1 1 0 1 0 1 1 0 0 0 1 0 1 0 0 1 1 0 0 0 0 0 1 1 1 0 0 1 0 0 0 0 0 0 0 0 0 1 0 1 0
has_gpu
0 1 0 1 1 1 1 0 0 1 0 0 1 1 1 0 0 0 1 0 1 1 1 1 0 0 0 1 1 0 0 0 1 0 1 0 0 1 0 0 0 1 0 0 0 0 0 1 0 0 1 1 0 1 0 1 1 0 0 1 1 0 0 0 1 0 1 1 0 0 0 0 1 0 0 1 0 0 0 0 0 1 1 1 0 0 0 0 1 0 0 0 0 0 0 0 1 1 0 1 0 0 0 0 0 0 0 0 0 0 1 0 0 0 1 0 0 0 0 0 0 0 1 1 1 0 0 0 0 0 0 1 0 0 1 1 0 0 0 1 0 0 0 0 1 0 0 1 1 0 0 1 0 0 1 0 1 0 0 1 0 0 0 0 0 1 0 0 0 0 1 0 0 0 0 1 0 0 0 0 1 0 0 1 0
bandwidth
0,1 168
1,2 137
2,3 58
3,4 142
4,5 184
5,6 72
6,7 154
7,8 126
9,10 73
10,11 163
11,12 173
12,13 197
13,14 190
14,15 129
15,16 82
17,18 168
18,19 137
19,20 58
20,21 142
21,22 184
22,23 72
23,24 154
24,25 126
27,26 149
28,26 68
29,27 149
30,26 189
31,27 168
32,27 166
33,30 103
34,32 102
36,35 90
37,36 174
38,36 125
39,37 57
39,35 52
40,37 103
40,35 180
41,37 171
41,40 85
42,39 199
42,37 197
43,38 149
43,36 129
44,46 152
45,44 146
46,44 62
47,45 200
48,44 173
48,50 196
48,45 156
49,48 98
50,46 198
51,45 162
53,52 85
54,53 144
55,53 67
55,57 106
55,64 76
56,54 59
57,52 81
57,53 115
58,57 116
59,54 56
60,58 59
61,52 197
62,61 152
62,54 96
63,60 187
63,52 183
64,55 106
66,65 168
67,66 62
68,65 96
69,65 69
70,69 173
71,66 99
72,66 147
73,65 145
74,72 169
75,73 162
77,76 177
78,76 51
79,77 190
80,79 58
81,76 159
82,81 95
83,78 51
84,83 129
85,76 86
87,86 104
88,86 64
89,88 182
90,86 59
91,87 177
92,93 93
93,94 184
94,95 79
95,96 166
96,97 136
97,98 69
98,99 88
99,100 175
100,101 63
101,102 160
102,103 157
103,104 97
104,105 169
107,106 129
108,106 145
109,107 109
110,106 123
111,109 186
112,109 170
113,110 87
114,112 152
115,109 174
116,115 135
117,106 184
118,106 122
119,116 118
120,117 153
122,121 128
122,124 182
123,121 186
124,121 177
124,125 199
125,124 121
126,124 136
127,128 182
128,129 126
131,130 137
132,130 196
133,131 81
134,131 190
135,136 153
136,137 116
137,138 141
138,139 101
139,140 151
140,141 102
141,142 174
144,143 186
144,152 183
144,147 187
145,143 103
145,152 189
146,143 115
147,146 140
147,143 177
148,146 138
149,144 85
149,145 101
150,145 79
150,151 181
151,143 89
152,143 84
153,143 79
154,149 193
155,144 71
156,144 111
157,143 174
157,144 191
157,154 136
159,158 131
160,158 136
161,158 139
162,158 82
164,163 190
165,164 142
166,164 122
167,165 127
167,163 134
168,165 59
168,163 108
169,165 64
169,168 109
170,167 119
170,165 69
171,166 147
171,164 148
173,172 52
174,172 84
175,174 110
176,172 174
177,173 117
178,180 140
179,178 112
180,179 175
181,178 164
181,180 81
183,182 117
184,182 119
latency
0,1 3
1,2 3
2,3 3
3,4 2
4,5 3
5,6 4
6,7 3
7,8 3
9,10 3
10,11 4
11,12 3
12,13 3
13,14 3
14,15 4
15,16 2
17,18 3
18,19 3
19,20 3
20,21 2
21,22 3
22,23 4
23,24 3
24,25 3
27,26 3
28,26 3
29,27 4
30,26 4
31,27 4
32,27 4
33,30 2
34,32 3
36,35 3
37,36 2
38,36 3
39,37 4
39,35 2
40,37 3
40,35 2
41,37 4
41,40 4
42,39 3
42,37 4
43,38 4
43,36 4
44,46 4
45,44 4
46,44 2
47,45 2
48,44 3
48,50 4
48,45 4
49,48 4
50,46 4
51,45 4
53,52 3
54,53 2
55,53 3
55,57 4
55,64 3
56,54 3
57,52 4
57,53 4
58,57 4
59,54 3
60,58 4
61,52 4
62,61 4
62,54 4
63,60 3
63,52 2
64,55 4
66,65 3
67,66 2
68,65 4
69,65 2
70,69 3
71,66 3
72,66 3
73,65 4
74,72 4
75,73 2
77,76 4
78,76 3
79,77 2
80,79 3
81,76 4
82,81 2
83,78 4
84,83 3
85,76 4
87,86 4
88,86 4
89,88 4
90,86 3
91,87 3
92,93 4
93,94 4
94,95 2
95,96 3
96,97 3
97,98 3
98,99 2
99,100 4
100,101 3
101,102 2
102,103 3
103,104 2
104,105 3
107,106 2
108,106 4
109,107 3
110,106 3
111,109 3
112,109 4
113,110 4
114,112 3
115,109 4
116,115 4
117,106 2
118,106 3
119,116 3
120,117 4
122,121 3
122,124 3
123,121 4
124,121 3
124,125 4
125,124 4
126,124 3
127,128 4
128,129 4
131,130 3
132,130 4
133,131 2
134,131 3
135,136 4
136,137 2
137,138 2
138,139 2
139,140 3
140,141 3
141,142 4
144,143 3
144,152 3
144,147 3
145,143 4
145,152 3
146,143 4
147,146 3
147,143 4
148,146 3
149,144 3
149,145 3
150,145 4
150,151 4
151,143 4
152,143 2
153,143 2
154,149 3
155,144 4
156,144 4
157,143 4
157,144 3
157,154 3
159,158 3
160,158 3
161,158 4
162,158 3
164,163 3
165,164 4
166,164 4
167,165 3
167,163 3
168,165 3
168,163 4
169,165 3
169,168 3
170,167 4
170,165 2
171,166 4
171,164 2
173,172 4
174,172 4
175,174 3
176,172 4
177,173 2
178,180 2
179,178 4
180,179 4
181,178 3
181,180 4
183,182 3
184,182 3
