core
642 230 215 552 199 163 119 209 57 843 29 161 163 74 42 52 53 225 179 174 441 814 407 233 191 101 887 119 207 9 213 24 50 874 596 688 113 200 59 233 151 73 189 381 642 218 188 9 566 141 180 82 41 19 180 387 234 794 44 246 69 169 150 14 182 187 551 435 171 187 27 459 148 201 225 43 29 240 435 120 185 152 21 120 39 241 179 149 862 519 193 34 749 67 182 183 243 74 430 573 244 153 216 44 50 866 240 62 119 577 209 581 623 81 234 15 213 118 225 55 57 150 233 364 533 673 131 125 228 240 26 46 10 107 223 16 29 68 63 248 216 181 145 228 94 150 196 465 746 653 592 242 12 144 118 152 890 125 50 10 118 35 57 18 218 157 213 121 211 169 619 456 364 807 100 97 84 59 208 33 229 221 120 515 756 193 38 673 165 224 59 115 60 544 43 99 534 150 735 210 8 21 198 118 160 42
has_camera
0 0 1 0 0 1 0 0 1 0 0 0 0 0 0 1 0 1 0 0 0 0 0 1 0 0 0 0 0 1 0 1 1 0 0 0 1 1 1 0 0 0 0 0 0 0 0 0 0 1 1 0 1 1 0 0 1 0 1 0 1 0 1 1 0 0 0 0 0 0 1 0 0 0 0 1 0 0 0 0 1 0 1 1 1 1 1 0 0 0 0 0 0 0 0 1 0 0 0 0 1 0 0 1 1 0 0 0 1 0 0 0 0 0 0 1 0 1 0 0 1 0 1 0 0 0 0 1 0 0 1 0 0 1 0 1 0 1 0 1 0 0 0 1 1 0 1 0 0 0 0 0 0 0 0 1 0 1 0 1 1 1 0 0 0 1 0 0 0 1 0 0 0 0 0 1 1 0 0 1 0 1 1 0 0 1 0 0 0 0 1 0 1 0 1 1 0 1 0 1 0 1 0 0 0 0
has_gpu
0 0 0 0 0 0 1 1 0 0 1 1 1 0 0 0 0 0 0 0 0 0 0 1 1 0 0 0 0 1 0 0 0 0 0 0 1 0 0 0 1 0 0 0 0 0 1 0 0 1 1 0 0 1 1 0 0 0 0 1 0 1 1 0 0 1 0 0 0 0 1 0 1 0 0 0 0 0 0 1 0 1 0 1 0 1 0 1 0 0 1 0 0 0 0 0 1 0 0 0 1 1 1 1 1 0 0 0 1 0 1 0 0 1 0 0 1 0 1 0 1 0 0 0 0 0 0 1 1 1 0 0 1 0 1 0 1 0 0 0 0 0 1 0 1 0 0 0 0 0 0 0 0 1 1 0 0 0 0 0 0 0 1 1 0 0 0 0 1 1 0 0 0 0 0 0 0 0 0 0 1 1 1 0 0 0 0 0 0 0 0 0 0 0 1 0 0 0 0 0 0 0 0 1 0 1
bandwidth
1,0 118
2,0 157
3,0 168
4,2 115
5,4 71
6,5 78
7,4 195
8,6 165
9,0 93
10,6 141
11,4 148
12,11 132
13,10 68
14,10 168
15,16 181
16,17 157
17,18 189
18,19 152
19,20 64
20,21 52
22,23 197
23,22 80
24,23 92
24,27 61
25,22 173
26,22 59
26,33 124
27,25 112
27,22 151
28,25 79
29,28 71
30,26 192
30,24 54
31,29 135
32,24 108
33,22 111
33,29 186
33,27 110
35,34 90
36,35 174
37,35 125
38,36 57
38,34 52
39,36 103
39,34 180
40,36 171
40,39 85
41,38 199
41,36 197
42,37 149
42,35 129
44,43 197
45,44 73
46,44 139
47,45 111
48,44 133
49,45 194
50,46 176
51,45 57
52,49 76
53,51 118
54,45 130
56,55 60
57,55 146
58,56 135
59,57 128
60,59 70
61,56 189
62,56 198
63,60 131
64,56 150
65,56 69
67,66 161
68,67 63
69,67 122
70,68 187
71,67 59
72,68 119
73,69 95
74,68 53
75,72 68
76,74 122
77,68 198
79,78 52
80,78 131
81,78 88
82,79 87
83,78 151
84,83 128
84,91 107
85,79 65
86,83 129
87,81 127
88,78 102
89,78 50
90,89 168
90,88 72
91,84 60
92,97 137
92,98 176
93,92 158
94,92 88
95,92 102
95,98 87
96,92 92
97,94 93
98,92 182
100,99 65
101,100 187
102,99 84
103,101 166
104,103 150
106,105 88
107,106 89
108,105 175
110,109 174
111,109 191
112,109 83
113,110 56
114,111 150
115,114 119
116,114 50
117,112 187
118,110 90
119,116 195
120,115 69
121,111 89
122,117 176
124,123 126
125,123 56
126,125 56
127,124 82
128,125 167
129,124 103
129,126 193
130,129 171
130,123 104
131,126 145
132,130 122
132,133 177
132,123 80
133,128 79
133,132 86
133,126 157
134,128 129
135,136 93
136,137 80
137,138 100
138,139 126
139,140 132
140,141 113
141,142 160
142,143 154
143,144 176
144,145 92
145,146 67
146,147 92
147,148 172
148,149 158
151,150 176
152,151 135
152,160 78
153,150 74
153,159 58
154,153 70
154,156 161
155,150 102
156,150 199
157,156 119
158,157 59
158,156 80
159,154 129
160,156 96
160,150 127
161,162 116
162,163 109
163,164 78
164,165 163
165,166 89
166,167 126
167,168 195
168,169 105
169,170 76
170,171 135
171,172 160
174,173 125
175,173 106
176,173 62
177,174 149
178,173 107
179,178 150
179,186 93
180,174 180
181,178 97
182,176 123
183,173 94
184,173 146
185,184 146
185,183 102
186,179 83
188,187 83
188,189 107
188,192 97
189,187 144
189,191 186
189,190 85
190,189 161
191,187 172
192,190 63
194,193 104
195,193 165
197,196 109
197,204 80
197,199 69
198,196 144
198,199 94
199,198 200
200,199 65
201,200 101
202,198 77
202,205 150
203,199 130
203,201 111
203,198 104
204,199 109
204,197 190
204,203 130
205,204 155
205,198 194
latency
1,0 3
2,0 2
3,0 3
4,2 3
5,4 3
6,5 4
7,4 4
8,6 3
9,0 4
10,6 3
11,4 3
12,11 4
13,10 4
14,10 4
15,16 4
16,17 3
17,18 3
18,19 4
19,20 2
20,21 4
22,23 3
23,22 3
24,23 2
24,27 3
25,22 3
26,22 3
26,33 4
27,25 4
27,22 4
28,25 3
29,28 4
30,26 3
30,24 4
31,29 3
32,24 4
33,22 3
33,29 4
33,27 3
35,34 3
36,35 2
37,35 3
38,36 4
38,34 2
39,36 3
39,34 2
40,36 4
40,39 4
41,38 3
41,36 4
42,37 4
42,35 4
44,43 2
45,44 4
46,44 2
47,45 4
48,44 4
49,45 3
50,46 3
51,45 3
52,49 3
53,51 4
54,45 3
56,55 3
57,55 4
58,56 4
59,57 3
60,59 2
61,56 4
62,56 3
63,60 3
64,56 4
65,56 4
67,66 2
68,67 3
69,67 2
70,68 2
71,67 4
72,68 2
73,69 2
74,68 4
75,72 3
76,74 3
77,68 4
79,78 4
80,78 4
81,78 4
82,79 3
83,78 2
84,83 4
84,91 3
85,79 3
86,83 4
87,81 3
88,78 2
89,78 3
90,89 4
90,88 4
91,84 2
92,97 4
92,98 4
93,92 3
94,92 4
95,92 3
95,98 4
96,92 4
97,94 3
98,92 3
100,99 4
101,100 4
102,99 4
103,101 3
104,103 4
106,105 3
107,106 2
108,105 4
110,109 4
111,109 2
112,109 4
113,110 2
114,111 3
115,114 3
116,114 3
117,112 3
118,110 3
119,116 4
120,115 4
121,111 4
122,117 2
124,123 4
125,123 4
126,125 3
127,124 4
128,125 2
129,124 3
129,126 3
130,129 3
130,123 4
131,126 3
132,130 3
132,133 3
132,123 4
133,128 4
133,132 3
133,126 4
134,128 3
135,136 3
136,137 3
137,138 3
138,139 4
139,140 3
140,141 3
141,142 4
142,143 4
143,144 4
144,145 4
145,146 3
146,147 3
147,148 3
148,149 4
151,150 4
152,151 3
152,160 2
153,150 4
153,159 2
154,153 2
154,156 4
155,150 4
156,150 3
157,156 3
158,157 4
158,156 3
159,154 2
160,156 4
160,150 4
161,162 4
162,163 4
163,164 4
164,165 4
165,166 4
166,167 4
167,168 3
168,169 4
169,170 3
170,171 2
171,172 4
174,173 4
175,173 4
176,173 2
177,174 4
178,173 4
179,178 3
179,186 4
180,174 3
181,178 2
182,176 3
183,173 4
184,173 4
185,184 4
185,183 4
186,179 3
188,187 4
188,189 3
188,192 3
189,187 4
189,191 2
189,190 4
190,189 3
191,187 3
192,190 3
194,193 3
195,193 4
197,196 3
197,204 3
197,199 4
198,196 2
198,199 4
199,198 4
200,199 3
201,200 3
202,198 4
202,205 2
203,199 2
203,201 3
203,198 3
204,199 4
204,197 4
204,203 3
205,204 4
205,198 3
