core
869 158 50 44 112 148 572 144 37 80 613 529 235 229 17 516 237 104 106 67 232 243 38 28 69 97 247 874 28 69 97 247 874 47 97 485 848 179 226 240 47 704 113 27 436 132 169 84 123 23 664 40 519 131 164 240 567 20 71 16 228 191 839 836 192 194 198 148 761 74 144 189 52 32 734 183 136 618 221 110 223 100 16 595 34 243 140 43 50 868 146 188 451 74 81 99 153 404 38 215 151 6 206 48 628 87 170 209 24 19 629 159 206 177 47 11 56 157 111 150 890 68 185 240 738 14 44 64 10 140 114 158 119 94 98 98 83 653 414 620 807 136 186 34 41 784 199 36 445 167 245 38 894 615 88 103 108 55 65 179 161 747 193 164 156 131 408 42 116 119 45 57 515 94 201 24 158 11 364 202 215 65
has_camera
0 0 1 0 0 1 0 0 0 0 0 0 0 1 1 0 0 1 1 1 1 0 1 1 1 0 0 0 1 1 0 0 0 0 0 0 0 1 1 0 0 0 1 0 0 0 1 0 0 0 0 0 0 0 1 1 0 1 1 0 0 0 0 0 0 1 0 0 0 0 0 0 0 0 0 1 0 0 0 0 0 0 1 0 0 0 1 1 0 0 0 1 0 1 1 0 1 0 1 0 1 1 1 1 0 0 0 1 1 1 0 0 0 0 1 0 0 0 0 0 0 0 0 0 0 1 1 1 1 1 1 0 0 1 1 1 0 0 0 0 0 0 0 0 0 0 0 0 0 0 1 1 0 0 1 1 0 0 1 0 1 0 1 0 0 0 0 1 0 0 0 1 0 0 0 1 1 1 0 0 1 0
has_gpu
0 1 1 1 1 0 0 0 0 0 0 0 0 1 0 0 1 0 1 1 1 1 0 0 0 1 1 0 0 0 1 1 0 0 0 0 0 0 0 0 1 0 0 0 0 1 0 0 1 1 0 0 0 0 0 0 0 0 0 0 0 1 0 0 0 0 1 0 0 0 1 0 0 0 0 0 0 0 1 1 0 1 0 0 0 1 1 0 0 0 1 0 0 0 0 0 0 0 1 0 1 1 1 0 0 1 1 1 0 0 0 0 1 0 0 0 0 1 1 0 0 0 0 1 0 0 0 1 1 0 0 0 1 0 1 1 1 0 0 0 0 0 1 0 1 0 0 1 0 1 1 0 0 0 0 0 1 0 1 0 0 0 1 1 0 0 0 0 1 0 0 0 0 1 1 0 1 0 0 0 1 1
bandwidth
1,0 161
2,1 188
3,1 167
4,0 187
5,0 80
6,8 187
7,6 105
8,7 164
9,6 68
9,8 166
11,10 167
12,11 148
13,11 188
14,12 58
14,13 175
15,10 196
16,11 197
17,15 196
17,18 184
18,17 126
19,14 93
20,17 180
21,15 81
22,14 178
23,24 56
24,25 178
25,26 96
26,27 51
28,29 56
29,30 178
30,31 96
31,32 51
33,34 63
34,35 88
37,36 131
38,36 81
39,38 159
40,39 100
41,36 183
42,41 152
43,39 142
45,44 151
46,44 50
47,44 69
48,47 91
49,48 161
50,44 150
51,48 92
53,52 92
54,52 190
55,52 154
56,52 113
57,56 72
58,53 63
59,60 86
60,61 108
61,62 115
64,63 187
65,64 154
65,68 112
65,71 91
66,64 134
66,72 58
67,63 168
67,64 102
68,63 153
69,66 146
70,67 178
71,67 125
72,69 186
73,66 106
75,74 196
76,74 68
77,74 121
78,76 146
79,78 56
80,79 85
81,78 132
82,80 73
83,74 150
84,80 140
85,78 196
86,85 198
87,84 132
88,84 57
90,89 83
91,89 156
92,89 71
93,91 142
94,92 103
95,92 95
96,90 134
97,89 191
98,94 163
99,97 179
100,92 154
101,99 70
102,91 131
103,99 92
105,104 128
105,107 182
106,104 186
107,104 177
107,108 199
108,107 121
109,107 136
111,110 168
111,119 134
111,114 76
112,110 102
112,119 100
113,110 103
114,113 171
114,110 107
115,113 143
116,111 146
116,112 127
117,112 88
117,118 89
118,110 84
119,110 104
120,110 136
121,116 183
122,111 92
123,111 65
124,110 62
124,111 144
124,121 98
125,126 187
126,127 149
127,128 183
128,129 60
129,130 99
130,131 108
131,132 137
132,133 95
133,134 180
134,135 71
135,136 61
136,137 151
137,138 69
138,139 163
140,143 193
141,140 72
142,141 59
142,143 85
143,142 54
144,143 140
144,141 127
144,142 145
146,145 87
147,146 113
149,148 190
150,148 116
151,149 60
152,148 103
153,148 67
154,150 113
155,152 68
156,152 175
157,151 66
158,156 96
159,152 62
160,149 185
162,161 131
163,162 111
163,166 117
163,169 84
164,162 177
164,170 88
165,161 115
165,162 97
166,161 93
167,164 58
168,165 95
169,165 132
170,167 148
171,164 126
173,172 148
174,172 62
175,174 177
176,172 160
177,175 67
178,172 66
179,174 163
180,173 167
181,175 81
latency
1,0 2
2,1 4
3,1 3
4,0 3
5,0 3
6,8 4
7,6 3
8,7 2
9,6 4
9,8 3
11,10 3
12,11 3
13,11 3
14,12 4
14,13 3
15,10 3
16,11 4
17,15 2
17,18 2
18,17 4
19,14 3
20,17 2
21,15 3
22,14 4
23,24 3
24,25 4
25,26 3
26,27 2
28,29 3
29,30 4
30,31 3
31,32 2
33,34 4
34,35 3
37,36 2
38,36 3
39,38 4
40,39 4
41,36 3
42,41 4
43,39 3
45,44 4
46,44 3
47,44 4
48,47 3
49,48 3
50,44 4
51,48 3
53,52 2
54,52 4
55,52 3
56,52 4
57,56 3
58,53 3
59,60 4
60,61 3
61,62 4
64,63 3
65,64 3
65,68 3
65,71 3
66,64 3
66,72 2
67,63 4
67,64 4
68,63 2
69,66 4
70,67 3
71,67 3
72,69 3
73,66 4
75,74 4
76,74 4
77,74 4
78,76 3
79,78 3
80,79 4
81,78 3
82,80 3
83,74 4
84,80 4
85,78 4
86,85 2
87,84 2
88,84 2
90,89 3
91,89 3
92,89 4
93,91 2
94,92 4
95,92 3
96,90 4
97,89 4
98,94 4
99,97 2
100,92 3
101,99 3
102,91 4
103,99 3
105,104 3
105,107 3
106,104 4
107,104 3
107,108 4
108,107 4
109,107 3
111,110 3
111,119 4
111,114 3
112,110 3
112,119 3
113,110 3
114,113 2
114,110 3
115,113 4
116,111 3
116,112 4
117,112 3
117,118 3
118,110 3
119,110 2
120,110 3
121,116 3
122,111 3
123,111 3
124,110 2
124,111 3
124,121 4
125,126 2
126,127 3
127,128 4
128,129 3
129,130 4
130,131 3
131,132 2
132,133 3
133,134 4
134,135 2
135,136 3
136,137 4
137,138 3
138,139 4
140,143 3
141,140 2
142,141 2
142,143 3
143,142 4
144,143 4
144,141 3
144,142 3
146,145 3
147,146 4
149,148 2
150,148 4
151,149 3
152,148 2
153,148 4
154,150 4
155,152 3
156,152 3
157,151 2
158,156 3
159,152 3
160,149 3
162,161 3
163,162 2
163,166 4
163,169 2
164,162 4
164,170 2
165,161 2
165,162 3
166,161 2
167,164 4
168,165 3
169,165 2
170,167 2
171,164 4
173,172 4
174,172 2
175,174 3
176,172 2
177,175 4
178,172 3
179,174 2
180,173 4
181,175 4
