core
611 213 135 88 128 15 358 44 455 148 726 66 157 73 183 230 44 244 223 889 216 50 86 754 49 245 54 75 51 88 230 206 127 166 104 134 218 580 517 409 35 171 131 354 696 107 12 50 147 171 172 62 407 85 785 227 57 210 39 187 445 167 245 38 894 615 88 103 108 55 65 179 161 888 96 68 104 792 6 218 530 94 22 228 26 71 6 125 196 177 81 98 199 757 741 17 67 34 107 209 149 211 177 746 655 59 40 147 88 876 881 203 150 33 822 242 189 188 49 874 193 358 121 36 16 212 145 212 164 20 889 216 50 86 754 49 245 387 234 794 44 246 69 169 150 14 182 187 848 179 226 240 47 704 113 27 375 138 193 13 51 23 704 188 168 457 187 89
has_camera
0 0 0 1 1 0 0 1 0 0 0 0 1 1 1 1 1 1 1 0 1 0 1 0 1 1 0 1 1 1 1 0 1 0 0 0 0 0 0 0 0 1 0 0 0 0 1 0 0 1 1 1 0 1 0 1 1 0 0 1 0 0 1 1 0 0 1 1 0 0 1 0 1 0 0 0 0 0 0 1 0 1 0 0 1 1 0 0 0 0 1 0 0 0 0 0 0 1 0 1 0 0 1 0 0 1 0 0 0 0 0 0 0 0 0 0 0 1 1 0 0 0 0 0 1 0 0 1 0 0 0 1 0 1 0 1 1 0 1 0 1 0 1 0 1 1 0 0 0 1 1 0 0 0 1 0 0 0 0 0 1 1 0 0 0 0 1 0
has_gpu
0 0 1 1 0 0 0 0 0 0 0 0 0 0 1 0 0 0 1 0 1 0 0 0 0 0 0 0 0 0 1 1 0 1 0 0 0 0 0 0 0 1 1 0 0 0 1 1 1 1 0 1 0 1 0 1 0 0 1 0 0 1 1 0 0 0 0 0 1 0 1 0 0 0 1 0 1 0 1 0 0 0 0 0 0 0 0 1 0 1 1 1 1 0 0 0 1 0 0 1 1 0 1 0 0 0 1 1 0 0 0 1 1 0 0 1 1 0 0 0 1 0 0 0 1 0 1 0 0 0 0 1 0 0 0 0 0 0 0 0 0 1 0 1 1 0 0 1 0 0 0 0 1 0 0 0 0 1 1 1 1 0 0 0 1 0 0 0
bandwidth
1,0 192
2,1 163
3,0 78
4,3 94
5,4 70
6,0 108
7,4 189
9,8 81
10,8 107
11,9 124
12,10 97
13,12 100
14,9 62
15,9 119
16,13 74
17,9 57
18,9 92
20,19 119
21,20 151
22,19 137
23,19 64
24,23 87
25,20 101
26,27 93
27,28 184
28,29 79
29,30 166
30,31 136
31,32 69
32,33 88
33,34 175
34,35 63
35,36 160
36,37 157
37,38 97
38,39 169
40,41 101
41,42 123
42,43 146
44,51 198
45,44 143
45,46 122
46,45 89
47,46 100
47,51 192
48,44 186
48,45 157
49,44 176
49,45 79
50,49 95
50,46 142
51,46 156
51,44 188
52,44 112
53,45 92
53,49 134
54,57 123
55,54 129
55,56 63
56,55 139
57,54 96
58,56 163
58,54 123
59,55 139
61,60 190
62,60 116
63,61 60
64,60 103
65,60 67
66,62 113
67,64 68
68,64 175
69,63 66
70,68 96
71,64 62
72,61 185
74,73 179
75,74 151
76,73 178
77,73 154
78,77 76
79,74 139
80,82 175
81,80 71
82,81 129
83,80 195
83,82 86
84,85 103
85,86 152
86,87 82
87,88 81
88,89 90
89,90 154
90,91 52
91,92 122
92,93 159
93,94 138
95,96 116
96,97 161
97,98 58
98,99 114
99,100 163
100,101 55
101,102 153
102,103 158
103,104 197
105,106 144
106,107 125
107,108 65
108,109 52
111,110 189
112,110 159
113,111 60
114,110 191
115,111 50
116,111 157
117,114 93
118,116 148
119,126 74
119,120 139
119,127 95
120,119 98
120,124 115
120,129 52
121,119 72
121,129 126
122,121 196
123,122 146
124,122 93
124,119 142
125,120 50
125,124 179
126,121 154
127,121 93
127,129 144
127,119 53
128,126 182
129,123 95
131,130 119
132,131 151
133,130 137
134,130 64
135,134 87
136,131 101
138,137 60
139,137 146
140,138 135
141,139 128
142,141 70
143,138 189
144,138 198
145,142 131
146,138 150
147,138 69
149,148 131
150,148 81
151,150 159
152,151 100
153,148 183
154,153 152
155,151 142
157,156 52
158,157 66
159,158 74
159,161 91
159,156 87
160,158 107
161,159 123
161,158 134
162,156 87
162,166 187
162,160 132
163,157 67
164,158 60
164,163 148
165,156 55
165,159 196
166,163 61
166,164 166
167,162 170
167,164 72
latency
1,0 3
2,1 4
3,0 4
4,3 2
5,4 4
6,0 3
7,4 2
9,8 3
10,8 4
11,9 2
12,10 3
13,12 2
14,9 4
15,9 4
16,13 4
17,9 3
18,9 4
20,19 3
21,20 4
22,19 3
23,19 4
24,23 4
25,20 2
26,27 4
27,28 4
28,29 2
29,30 3
30,31 3
31,32 3
32,33 2
33,34 4
34,35 3
35,36 2
36,37 3
37,38 2
38,39 3
40,41 3
41,42 3
42,43 3
44,51 4
45,44 4
45,46 3
46,45 2
47,46 2
47,51 2
48,44 4
48,45 4
49,44 4
49,45 2
50,49 4
50,46 3
51,46 4
51,44 3
52,44 4
53,45 4
53,49 3
54,57 3
55,54 3
55,56 3
56,55 3
57,54 2
58,56 3
58,54 4
59,55 4
61,60 2
62,60 4
63,61 3
64,60 2
65,60 4
66,62 4
67,64 3
68,64 3
69,63 2
70,68 3
71,64 3
72,61 3
74,73 3
75,74 2
76,73 3
77,73 4
78,77 4
79,74 2
80,82 3
81,80 4
82,81 4
83,80 3
83,82 3
84,85 4
85,86 4
86,87 2
87,88 3
88,89 3
89,90 4
90,91 3
91,92 3
92,93 3
93,94 4
95,96 4
96,97 3
97,98 4
98,99 3
99,100 3
100,101 2
101,102 4
102,103 3
103,104 3
105,106 3
106,107 3
107,108 2
108,109 3
111,110 3
112,110 3
113,111 3
114,110 3
115,111 3
116,111 4
117,114 2
118,116 3
119,126 2
119,120 3
119,127 4
120,119 3
120,124 4
120,129 3
121,119 3
121,129 4
122,121 3
123,122 2
124,122 3
124,119 4
125,120 3
125,124 4
126,121 3
127,121 2
127,129 3
127,119 3
128,126 4
129,123 4
131,130 3
132,131 4
133,130 3
134,130 4
135,134 4
136,131 2
138,137 3
139,137 4
140,138 4
141,139 3
142,141 2
143,138 4
144,138 3
145,142 3
146,138 4
147,138 4
149,148 2
150,148 3
151,150 4
152,151 4
153,148 3
154,153 4
155,151 3
157,156 3
158,157 3
159,158 4
159,161 4
159,156 4
160,158 3
161,159 4
161,158 2
162,156 4
162,166 2
162,160 2
163,157 3
164,158 3
164,163 4
165,156 4
165,159 3
166,163 3
166,164 3
167,162 3
167,164 3
