core
806 116 145 176 14 867 21 163 62 239 697 478 123 747 117 60 208 64 784 199 36 554 217 51 98 27 151 651 372 368 192 213 83 240 243 244 46 116 69 6 424 200 87 195 209 17 107 36 490 890 37 131 130 173 61 472 147 148 17 248 50 680 240 178 46 207 7 54 63 72 100 99 203 120 183 205 696 731 357 107 199 12 95 9 54 177 162 438 805 192 176 101 481 188 123 25 34 36 239 40 163 506 204 680 474 81 30 181 47 193 222 48 181 104 411 659 224 50 234 111 100 793 199 13 436 194 93 126 40 190 103 832 51 45 467 13 86 205 248 568 182 185 195 483 36 244 47 160 68 841 243 188 198 744 125 122 482 28 186 201 135 462 75 239 169 63 207 71 765 354 82 200 82 192 61 686 75 242 160 11 779 84 20 118 110 29 201 178 897 13 97 70 43 196 250 232 82 829 584 374 210 88 142 70 129 96 668 27 42 720 60 213 224 212 492 527 141 189 22 241 113 7 94
has_camera
0 0 0 0 0 0 1 0 0 1 0 0 0 0 0 0 0 1 0 0 0 0 1 0 1 1 1 0 0 0 1 0 0 1 0 0 0 0 1 1 0 0 0 1 0 0 0 0 0 0 0 0 0 0 0 0 0 1 0 0 1 0 1 1 1 0 1 1 1 0 1 0 1 0 1 1 0 0 0 0 0 0 0 0 0 0 0 0 0 0 1 1 0 0 1 1 0 0 0 1 1 0 0 0 0 0 0 0 1 0 1 1 1 0 0 0 0 0 0 0 0 0 1 0 0 0 0 1 1 1 1 0 1 1 0 1 0 0 1 0 0 0 0 0 1 0 0 0 0 0 1 1 0 0 0 1 0 0 0 1 0 0 1 0 0 1 0 1 0 0 1 0 0 1 1 0 1 0 0 0 0 0 0 0 0 0 1 0 0 1 0 1 1 0 0 0 0 0 0 0 0 0 1 1 0 0 0 0 1 0 0 1 1 0 0 0 0 1 1 0 0 1 1
has_gpu
0 1 1 1 0 0 1 1 0 0 0 0 0 0 1 0 1 0 0 0 1 0 1 0 1 1 0 0 0 0 0 0 1 0 1 0 0 0 0 1 0 1 0 0 0 0 1 0 0 0 0 1 0 1 1 0 1 0 1 0 0 0 1 0 1 1 0 0 0 0 0 0 1 1 1 0 0 0 0 0 0 1 0 0 1 1 0 0 0 0 0 1 0 1 0 0 1 0 0 1 0 0 1 0 0 1 0 0 0 1 0 1 1 1 0 0 1 0 0 0 1 0 0 0 0 1 0 0 0 1 1 0 1 0 0 0 0 0 1 0 1 0 0 0 1 0 1 1 1 0 0 0 1 0 1 0 0 0 1 0 0 0 1 0 0 0 0 0 0 0 1 0 1 0 0 0 0 1 0 1 0 0 0 1 0 0 0 0 0 0 0 0 1 0 0 0 1 0 0 0 1 0 1 0 0 1 0 1 0 0 1 0 1 1 0 0 0 0 1 0 0 1 0
bandwidth
0,4 158
1,0 52
2,0 199
3,2 85
4,3 174
5,0 191
6,3 87
6,7 160
7,2 146
7,3 92
7,5 183
8,9 87
9,10 151
11,12 83
12,11 80
13,11 191
14,13 158
14,11 74
14,12 149
15,14 167
16,12 59
16,11 193
17,15 82
19,18 87
20,19 113
21,24 107
22,21 58
22,23 107
23,22 74
24,21 195
25,23 197
25,21 135
26,22 59
28,27 153
29,27 186
30,29 132
31,30 158
32,30 145
33,29 160
34,29 57
35,32 181
36,35 155
37,32 101
38,37 132
39,35 176
41,40 75
41,44 123
42,40 197
43,41 185
44,43 60
45,44 77
46,43 127
47,44 79
47,50 105
47,42 192
48,40 103
49,40 104
50,45 75
50,54 105
51,49 81
52,49 191
52,48 169
53,41 67
53,45 192
54,46 83
56,55 137
57,55 148
58,57 174
59,56 175
60,59 178
62,61 159
62,63 118
62,66 124
63,61 189
63,65 84
63,64 140
64,63 188
65,61 55
66,64 89
67,68 159
68,69 138
69,70 187
70,71 156
71,72 156
72,73 70
73,74 194
74,75 181
75,76 112
76,77 82
79,78 52
80,78 84
81,80 110
82,78 174
83,79 117
84,85 84
85,86 180
86,87 171
89,88 176
89,100 111
89,93 140
90,88 141
90,95 81
91,89 63
92,88 60
92,97 102
93,92 189
94,92 74
94,95 152
95,91 73
96,95 147
97,95 146
97,98 198
98,94 90
99,97 62
100,94 53
100,92 118
101,88 172
102,90 192
102,89 181
102,92 144
104,103 65
104,107 89
104,106 181
105,104 67
106,105 161
106,104 181
107,105 196
108,106 175
108,110 117
108,105 120
109,104 80
109,110 121
110,105 65
110,108 192
111,112 117
112,113 181
113,114 193
116,115 180
116,123 122
116,120 183
117,116 91
118,115 174
118,123 69
119,118 102
119,123 60
120,115 166
121,115 155
122,121 163
123,122 118
123,116 175
123,115 66
124,125 125
125,124 58
126,124 67
126,134 180
127,125 107
128,127 183
128,126 50
129,125 98
130,124 96
130,136 132
131,124 200
132,127 144
133,128 84
134,124 181
134,126 170
135,127 105
135,126 96
136,127 92
136,129 195
136,130 161
137,127 120
138,125 116
138,130 103
139,152 77
140,139 88
141,140 124
142,140 137
142,148 125
143,139 50
143,146 178
144,142 197
145,141 144
146,144 134
146,141 123
147,143 174
147,141 67
148,145 70
149,139 196
150,147 125
151,149 68
152,147 141
154,153 66
155,153 64
156,153 175
157,155 170
158,156 131
159,156 92
160,154 108
161,153 114
162,158 119
163,161 167
164,156 181
165,163 96
166,155 58
167,163 69
169,168 124
170,169 192
171,170 71
172,170 114
173,171 123
174,173 137
175,169 63
176,174 182
177,170 118
178,175 51
179,173 111
181,180 148
182,181 70
183,180 138
184,180 190
185,184 186
186,181 67
187,181 75
188,180 79
189,187 169
190,188 107
191,192 128
192,193 146
193,194 131
194,195 84
195,196 149
196,197 100
197,198 178
199,200 180
200,199 53
201,199 170
201,209 72
202,200 123
203,202 175
203,201 86
204,200 118
205,199 171
205,211 118
206,199 54
207,202 186
208,203 65
209,199 69
209,201 64
210,202 165
210,201 80
211,202 176
211,204 137
211,205 150
212,202 91
213,200 138
213,205 177
215,214 116
216,215 115
217,215 153
218,216 119
218,214 101
219,216 140
219,214 76
220,216 123
220,219 67
221,218 118
221,216 54
222,217 193
222,215 106
latency
0,4 2
1,0 2
2,0 2
3,2 3
4,3 4
5,0 2
6,3 3
6,7 3
7,2 4
7,3 2
7,5 4
8,9 4
9,10 4
11,12 4
12,11 3
13,11 2
14,13 3
14,11 4
14,12 3
15,14 2
16,12 3
16,11 2
17,15 3
19,18 3
20,19 4
21,24 3
22,21 4
22,23 3
23,22 3
24,21 3
25,23 3
25,21 4
26,22 4
28,27 4
29,27 3
30,29 3
31,30 4
32,30 2
33,29 4
34,29 3
35,32 3
36,35 4
37,32 3
38,37 3
39,35 4
41,40 3
41,44 4
42,40 4
43,41 3
44,43 2
45,44 3
46,43 2
47,44 4
47,50 3
47,42 3
48,40 2
49,40 3
50,45 4
50,54 3
51,49 2
52,49 4
52,48 4
53,41 4
53,45 4
54,46 3
56,55 4
57,55 3
58,57 3
59,56 4
60,59 3
62,61 4
62,63 2
62,66 4
63,61 4
63,65 4
63,64 3
64,63 2
65,61 4
66,64 4
67,68 3
68,69 4
69,70 4
70,71 4
71,72 3
72,73 3
73,74 4
74,75 3
75,76 3
76,77 3
79,78 4
80,78 4
81,80 3
82,78 4
83,79 2
84,85 4
85,86 3
86,87 3
89,88 4
89,100 4
89,93 4
90,88 4
90,95 4
91,89 4
92,88 4
92,97 3
93,92 3
94,92 3
94,95 4
95,91 3
96,95 3
97,95 4
97,98 4
98,94 4
99,97 4
100,94 4
100,92 2
101,88 4
102,90 3
102,89 3
102,92 3
104,103 4
104,107 3
104,106 3
105,104 4
106,105 4
106,104 2
107,105 4
108,106 3
108,110 3
108,105 3
109,104 3
109,110 3
110,105 3
110,108 3
111,112 4
112,113 3
113,114 4
116,115 4
116,123 3
116,120 4
117,116 3
118,115 3
118,123 2
119,118 3
119,123 3
120,115 3
121,115 4
122,121 4
123,122 4
123,116 4
123,115 3
124,125 3
125,124 3
126,124 4
126,134 3
127,125 3
128,127 2
128,126 4
129,125 4
130,124 4
130,136 3
131,124 3
132,127 3
133,128 4
134,124 4
134,126 3
135,127 4
135,126 4
136,127 4
136,129 4
136,130 3
137,127 4
138,125 3
138,130 4
139,152 3
140,139 4
141,140 3
142,140 4
142,148 3
143,139 2
143,146 4
144,142 3
145,141 4
146,144 4
146,141 4
147,143 3
147,141 4
148,145 3
149,139 3
150,147 3
151,149 3
152,147 3
154,153 4
155,153 3
156,153 3
157,155 2
158,156 3
159,156 3
160,154 3
161,153 2
162,158 4
163,161 3
164,156 3
165,163 2
166,155 2
167,163 4
169,168 3
170,169 4
171,170 4
172,170 4
173,171 2
174,173 4
175,169 3
176,174 3
177,170 4
178,175 3
179,173 4
181,180 4
182,181 4
183,180 4
184,180 3
185,184 3
186,181 3
187,181 4
188,180 3
189,187 3
190,188 2
191,192 4
192,193 3
193,194 4
194,195 4
195,196 3
196,197 4
197,198 3
199,200 3
200,199 4
201,199 2
201,209 3
202,200 4
203,202 4
203,201 4
204,200 2
205,199 2
205,211 3
206,199 3
207,202 4
208,203 4
209,199 4
209,201 3
210,202 3
210,201 4
211,202 3
211,204 3
211,205 2
212,202 3
213,200 3
213,205 4
215,214 3
216,215 3
217,215 3
218,216 3
218,214 3
219,216 3
219,214 3
220,216 3
220,219 3
221,218 3
221,216 2
222,217 4
222,215 3
