core
47 65 7 128 192 176 85 88 151 814 526 360 106 226 23 369 162 33 662 75 128 160 357 190 154 44 47 662 13 233 128 34 160 109 550 895 31 45 231 164 816 202 233 215 540 226 235 37 154 39 12 775 13 59 28 171 197 151 94 92 169 242 99 546 692 564 666 885 174 117 42 227 212 54 196 238 18 445 146 130 25 30 133 196 105 12 476 637 176 70 101 175 36 96 245 816 28 177 754 140 142 155 365 160 38 94 95 58 7 584 221 476 182 40 133 96 71 232 817 781 89 114 56 811 221 185 248 26 137 93 18 64 11 174 82 529 686 216 188 157 21 770 192 26 738 115 194 104 13 699 22 140 618 191 24 183 236 47 190 351 159 11 366 622 170 237 35 491 232 169 233 21 24 118
has_camera
0 0 0 0 0 0 1 0 0 0 0 0 1 1 0 0 0 0 0 1 0 0 0 1 0 1 0 0 0 0 0 1 1 0 0 0 0 1 0 1 0 1 0 0 0 0 0 1 1 1 0 0 1 0 1 0 0 0 1 1 1 0 0 0 0 0 0 0 1 0 1 1 0 0 1 0 0 0 1 0 1 1 0 0 0 0 0 0 1 0 0 0 1 0 0 0 0 0 0 1 0 0 0 1 0 0 0 0 1 0 1 0 0 1 1 1 1 0 0 0 1 0 1 0 1 1 1 1 0 0 0 0 0 1 0 0 0 0 0 0 0 0 1 0 0 0 0 0 1 0 1 1 0 1 0 0 0 1 0 0 1 1 0 0 0 1 0 0 0 0 1 1 0 0
has_gpu
0 0 1 1 0 0 0 0 1 0 0 0 0 0 0 0 1 1 0 1 0 1 0 0 1 1 1 0 0 1 0 1 0 1 0 0 0 1 1 1 0 0 1 1 0 1 0 0 0 0 0 0 0 1 1 1 0 0 0 1 0 1 1 0 0 0 0 0 0 1 1 1 0 0 0 1 0 0 1 0 0 0 0 1 1 1 0 0 1 1 0 0 0 0 1 0 0 1 0 0 1 1 0 0 0 0 1 0 0 0 0 0 1 1 0 0 0 0 0 0 0 0 1 0 0 1 1 0 1 0 1 0 0 0 0 0 0 1 1 0 1 0 0 1 0 1 1 1 1 0 0 0 0 0 1 1 1 0 0 0 0 0 0 0 0 1 0 0 1 1 0 1 0 0
bandwidth
0,1 147
1,2 155
2,3 118
3,4 172
4,5 191
5,6 78
6,7 93
7,8 195
8,9 190
9,10 160
11,13 146
12,11 116
12,16 172
13,11 171
13,17 142
13,16 73
14,12 105
14,16 167
15,11 135
16,15 87
17,14 86
18,21 57
18,20 96
19,18 151
20,18 160
21,18 74
23,22 62
24,22 150
25,23 175
26,25 58
28,27 197
29,27 172
29,30 135
30,27 60
31,32 83
32,33 117
33,34 192
36,35 155
37,35 51
38,35 152
39,35 167
40,41 90
41,40 150
42,41 197
42,45 97
43,40 126
44,40 51
44,51 135
45,43 170
45,40 193
46,43 69
47,46 144
48,44 54
48,42 90
49,47 114
50,42 164
51,40 68
51,47 163
51,45 196
52,53 137
53,54 170
54,55 157
55,56 83
56,57 150
57,58 125
58,59 173
59,60 62
60,61 169
61,62 162
62,63 107
63,64 62
64,65 83
67,66 169
67,72 82
68,67 127
69,67 169
70,68 78
71,67 159
71,70 80
72,69 137
73,72 186
74,68 195
75,71 152
76,75 104
78,77 168
79,77 55
80,78 65
81,80 101
82,77 53
83,82 116
84,79 107
85,84 63
86,77 77
88,87 168
89,88 62
90,87 96
91,87 69
92,91 173
93,88 99
94,88 147
95,87 145
96,94 169
97,95 162
99,98 67
100,99 76
101,98 69
102,98 172
103,102 185
104,103 111
105,102 101
106,101 126
107,105 161
108,105 67
110,109 194
110,117 145
110,115 169
110,113 60
110,114 63
111,109 187
111,112 191
112,110 89
113,112 104
113,110 122
114,111 76
115,110 116
115,117 134
116,114 132
116,110 102
117,110 52
117,114 151
119,118 177
120,119 193
121,119 99
122,120 61
122,121 176
123,118 147
124,119 194
125,123 55
125,126 58
126,125 200
127,122 185
128,125 165
129,123 115
130,122 151
131,132 53
132,133 101
133,134 87
134,135 158
137,136 121
138,136 68
139,138 93
140,139 199
141,136 124
142,141 175
143,139 165
144,148 178
145,144 107
146,144 172
147,146 79
148,147 167
149,144 187
150,147 89
150,151 84
151,146 134
151,147 56
151,149 195
153,152 91
153,160 117
154,153 144
154,156 87
154,160 151
155,152 66
156,152 87
157,155 132
158,152 62
158,159 173
159,152 78
159,155 143
160,159 87
160,153 101
161,154 62
163,162 174
164,163 156
165,163 108
166,164 59
167,163 128
168,164 116
169,165 147
170,164 167
171,168 115
172,170 141
173,164 181
latency
0,1 4
1,2 4
2,3 4
3,4 2
4,5 4
5,6 4
6,7 3
7,8 2
8,9 4
9,10 2
11,13 2
12,11 3
12,16 2
13,11 2
13,17 4
13,16 3
14,12 4
14,16 4
15,11 4
16,15 3
17,14 3
18,21 4
18,20 4
19,18 4
20,18 4
21,18 3
23,22 4
24,22 3
25,23 4
26,25 3
28,27 3
29,27 3
29,30 4
30,27 3
31,32 3
32,33 3
33,34 4
36,35 2
37,35 4
38,35 3
39,35 4
40,41 3
41,40 4
42,41 4
42,45 3
43,40 3
44,40 3
44,51 4
45,43 2
45,40 3
46,43 3
47,46 4
48,44 3
48,42 4
49,47 4
50,42 3
51,40 3
51,47 4
51,45 4
52,53 2
53,54 3
54,55 4
55,56 3
56,57 3
57,58 4
58,59 3
59,60 2
60,61 4
61,62 4
62,63 4
63,64 4
64,65 4
67,66 3
67,72 3
68,67 3
69,67 4
70,68 3
71,67 4
71,70 3
72,69 3
73,72 4
74,68 2
75,71 3
76,75 4
78,77 3
79,77 4
80,78 4
81,80 4
82,77 2
83,82 3
84,79 4
85,84 4
86,77 3
88,87 3
89,88 2
90,87 4
91,87 2
92,91 3
93,88 3
94,88 3
95,87 4
96,94 4
97,95 2
99,98 2
100,99 4
101,98 3
102,98 2
103,102 3
104,103 3
105,102 3
106,101 4
107,105 3
108,105 2
110,109 4
110,117 3
110,115 4
110,113 3
110,114 2
111,109 3
111,112 2
112,110 2
113,112 3
113,110 3
114,111 2
115,110 3
115,117 3
116,114 3
116,110 2
117,110 3
117,114 2
119,118 4
120,119 3
121,119 2
122,120 4
122,121 3
123,118 2
124,119 2
125,123 3
125,126 2
126,125 3
127,122 4
128,125 3
129,123 3
130,122 4
131,132 4
132,133 2
133,134 4
134,135 3
137,136 4
138,136 3
139,138 4
140,139 2
141,136 2
142,141 4
143,139 3
144,148 2
145,144 3
146,144 2
147,146 2
148,147 3
149,144 4
150,147 2
150,151 4
151,146 3
151,147 3
151,149 4
153,152 3
153,160 2
154,153 2
154,156 3
154,160 2
155,152 4
156,152 3
157,155 4
158,152 3
158,159 3
159,152 4
159,155 4
160,159 2
160,153 4
161,154 3
163,162 2
164,163 3
165,163 3
166,164 3
167,163 3
168,164 2
169,165 3
170,164 4
171,168 4
172,170 2
173,164 2
