core
693 206 228 170 499 11 6 866 152 110 71 729 100 55 736 58 175 20 41 24 39 198 198 155 150 92 165 159 223 435 473 884 862 239 151 75 81 49 352 226 248 20 162 28 725 192 166 36 71 566 418 211 32 176 19 207 196 686 216 188 157 21 770 192 26 364 139 852 30 95 24 166 170 40 170 133 746 801 121 127 173 249 179 52 27 670 168 201 517 200 229 208 61 41 859 158 16 155 799 514 241 87 25 185 18 502 196 125 234 868 250 65 115 35 626 137 137 102 680 244 156 20 426 57 124 50 170 225 47 52 65 156 154 198 176 108 90 88 241 429 372 660 620 199 137 18 557 405 104 245 187 11 9 168 105 754 240 126 22 619 154 19
has_camera
0 1 1 1 0 0 1 0 0 1 0 0 1 1 0 0 0 0 0 1 0 0 0 0 0 0 0 0 0 0 0 0 0 1 0 0 0 1 0 0 0 0 0 1 0 1 0 1 0 0 0 0 1 0 0 0 1 0 0 0 0 0 0 1 0 0 0 0 1 0 1 1 1 0 0 1 0 0 0 0 1 1 0 0 0 0 0 1 0 0 0 0 1 0 0 0 1 0 0 0 0 0 0 1 0 0 0 0 0 0 0 0 0 0 0 1 0 0 0 0 0 1 0 1 1 0 1 0 0 1 1 0 1 0 1 1 1 0 1 0 0 0 0 0 0 0 0 0 1 0 0 0 1 1 0 0 0 1 1 0 1 0
has_gpu
0 0 0 1 0 0 0 0 1 0 0 0 1 0 0 0 1 1 0 0 0 1 0 0 1 1 1 1 0 0 0 0 0 1 1 0 1 0 0 1 1 0 0 0 0 1 1 1 0 0 0 1 1 1 0 0 1 0 1 1 0 1 0 0 1 0 1 0 0 0 1 1 1 0 1 1 0 0 0 1 0 0 0 1 1 0 0 0 0 0 1 0 0 1 0 0 0 1 0 0 1 0 1 0 0 0 0 1 0 0 1 0 0 1 0 0 1 0 0 0 1 0 0 0 0 0 0 0 1 0 1 1 0 0 1 0 1 0 1 0 0 0 0 1 1 0 0 0 0 0 1 0 1 0 1 0 1 1 1 0 1 0
bandwidth
1,0 81
2,0 73
3,0 50
4,0 190
5,4 150
6,1 54
7,9 119
8,7 144
9,7 66
9,10 159
10,9 165
11,13 120
12,11 104
12,13 96
13,12 66
14,16 168
14,15 129
15,14 84
16,14 176
17,18 123
18,19 109
19,20 200
20,21 90
21,22 134
22,23 109
23,24 72
24,25 116
25,26 114
26,27 153
27,28 99
28,29 164
29,30 143
30,31 144
33,32 126
34,32 130
35,34 55
36,32 182
37,33 78
39,38 156
39,40 97
39,43 192
40,38 91
40,42 127
40,41 182
41,40 190
42,38 88
43,41 169
44,48 91
45,44 194
46,45 196
46,47 65
47,46 112
48,46 75
48,47 104
48,44 139
50,49 189
50,53 140
50,52 126
51,50 83
52,51 197
52,50 117
53,51 159
54,52 135
54,56 177
54,51 130
55,50 192
55,56 61
56,51 105
56,54 195
58,57 121
59,57 68
60,59 93
61,60 199
62,57 124
63,62 175
64,60 165
66,65 70
67,65 161
68,66 199
69,67 51
70,69 60
71,66 132
72,66 115
73,70 54
74,66 108
75,66 180
76,84 200
76,77 179
77,76 54
78,77 197
79,77 57
80,77 174
81,77 116
82,77 91
83,78 192
84,82 186
86,85 57
87,85 109
88,85 186
88,94 140
89,88 108
90,88 77
90,85 185
91,86 155
92,91 89
93,90 129
94,85 151
94,95 150
95,86 83
96,91 109
97,94 192
99,98 152
100,99 149
101,100 101
102,101 142
103,99 101
104,102 100
106,105 101
107,105 167
108,106 61
109,105 65
110,106 148
111,110 84
112,106 146
113,110 171
115,114 114
116,115 100
117,116 90
118,114 120
119,116 195
120,118 125
121,117 186
122,114 106
123,117 199
124,115 140
125,121 156
126,118 118
127,124 111
128,129 158
129,130 50
130,131 107
131,132 152
132,133 138
133,134 85
134,135 56
135,136 77
136,137 176
137,138 81
138,139 132
139,140 53
140,141 77
143,142 193
144,142 166
145,143 73
146,142 82
147,142 52
148,144 119
149,146 148
150,146 102
151,145 100
152,150 117
153,146 168
154,143 160
155,157 154
156,155 157
156,160 106
157,155 62
157,161 105
157,160 182
158,156 82
158,160 141
159,155 77
160,159 157
161,158 82
latency
1,0 3
2,0 3
3,0 3
4,0 3
5,4 3
6,1 3
7,9 2
8,7 4
9,7 4
9,10 3
10,9 3
11,13 3
12,11 4
12,13 4
13,12 3
14,16 4
14,15 3
15,14 2
16,14 3
17,18 3
18,19 3
19,20 3
20,21 2
21,22 4
22,23 3
23,24 2
24,25 3
25,26 3
26,27 3
27,28 3
28,29 3
29,30 2
30,31 4
33,32 3
34,32 2
35,34 4
36,32 3
37,33 3
39,38 2
39,40 2
39,43 3
40,38 3
40,42 2
40,41 4
41,40 3
42,38 4
43,41 3
44,48 3
45,44 3
46,45 3
46,47 2
47,46 3
48,46 2
48,47 3
48,44 4
50,49 3
50,53 2
50,52 3
51,50 4
52,51 3
52,50 4
53,51 3
54,52 4
54,56 2
54,51 4
55,50 4
55,56 4
56,51 4
56,54 4
58,57 4
59,57 3
60,59 4
61,60 2
62,57 2
63,62 4
64,60 3
66,65 3
67,65 3
68,66 2
69,67 3
70,69 3
71,66 3
72,66 3
73,70 3
74,66 2
75,66 3
76,84 4
76,77 4
77,76 3
78,77 3
79,77 2
80,77 3
81,77 3
82,77 4
83,78 3
84,82 3
86,85 2
87,85 4
88,85 3
88,94 4
89,88 3
90,88 4
90,85 4
91,86 4
92,91 3
93,90 4
94,85 3
94,95 4
95,86 4
96,91 3
97,94 3
99,98 3
100,99 4
101,100 4
102,101 3
103,99 4
104,102 2
106,105 2
107,105 2
108,106 4
109,105 3
110,106 4
111,110 3
112,106 2
113,110 3
115,114 3
116,115 3
117,116 3
118,114 3
119,116 4
120,118 2
121,117 3
122,114 3
123,117 3
124,115 2
125,121 4
126,118 3
127,124 3
128,129 3
129,130 4
130,131 2
131,132 3
132,133 4
133,134 4
134,135 4
135,136 3
136,137 3
137,138 3
138,139 2
139,140 2
140,141 3
143,142 4
144,142 4
145,143 3
146,142 3
147,142 3
148,144 4
149,146 3
150,146 3
151,145 4
152,150 4
153,146 3
154,143 4
155,157 3
156,155 3
156,160 4
157,155 3
157,161 2
157,160 3
158,156 3
158,160 3
159,155 2
160,159 3
161,158 4
