core
572 139 85 184 54 190 68 53 829 86 612 184 178 41 112 56 594 149 49 110 162 122 871 144 20 45 141 52 53 225 179 174 441 814 405 108 157 8 193 53 822 167 178 240 751 199 143 48 46 70 145 35 184 891 229 494 142 124 6 43 70 43 196 250 232 82 829 584 414 172 207 522 212 171 126 32 72 67 494 152 397 165 66 143 113 29 142 851 184 147 99 166 75 758 57 65 74 203 241 95 228 158 781 469 529 85 214 74 73 480 151 88 135 510 108 74 234 108 35 38 566 418 211 32 176 19 207 196 41 48 34 165 146 248 224 168 194 109 720 678 672 829 758 176 197 58 864 185 123 162 65 139 85 60 58 68 214 243 243 722 862 70 173 138 554 159 72 85 137 104 411 123 42 670 168 201 517 200 229 208 61 41 859 158 16 155 20 41 24 39 198 198 155 150 92 165 159 223 435 473 884 715 217 118 191 26 140 32 70 539 141 47 52 65 156 154 198 176 108 90 88 241 429 372 660 28 203 581 806 116 145 176 14 867 21 163 364 526 147 133 18 35 195
has_camera
0 0 0 1 0 1 0 1 0 0 0 0 0 0 0 0 0 0 1 0 0 0 0 0 0 0 0 1 0 1 0 0 0 0 0 0 0 1 0 0 0 0 0 0 0 0 1 1 1 1 0 1 1 0 0 0 1 0 1 1 1 1 0 0 0 0 0 0 0 0 1 0 0 0 0 0 0 0 0 0 0 0 0 0 0 1 0 0 0 0 0 0 0 0 0 1 0 1 0 0 1 0 0 0 0 1 1 0 1 0 1 1 1 0 1 0 0 0 1 0 0 0 0 1 0 0 0 1 0 0 1 1 0 0 0 0 1 0 0 0 0 0 0 0 0 1 0 1 0 1 0 0 1 1 1 0 0 0 1 0 0 1 1 0 0 0 1 0 1 0 0 0 0 0 0 1 0 0 0 0 1 0 0 0 1 0 0 0 1 0 0 0 0 0 0 0 0 0 0 0 0 0 0 1 0 1 1 0 0 0 0 0 1 1 0 1 0 1 1 1 0 1 0 0 0 1 0 0 0 0 0 0 0 0 1 0 0 0 1 0 0 1 1
has_gpu
0 1 1 1 0 1 0 1 0 0 0 1 0 0 0 0 0 1 0 1 1 0 0 1 0 1 0 0 0 0 0 0 0 0 0 0 1 0 0 0 0 1 1 1 0 0 1 1 0 0 0 0 0 0 1 0 1 1 1 1 0 1 0 0 0 1 0 0 0 0 0 0 1 0 0 0 0 0 0 1 0 1 0 1 0 0 1 0 0 0 0 0 0 0 0 0 1 1 1 0 1 0 0 0 0 0 1 0 0 0 0 0 0 0 1 0 1 0 0 1 0 0 1 1 1 0 0 1 0 0 1 0 1 1 1 1 1 1 0 0 0 0 0 0 1 0 0 1 1 1 0 0 0 1 0 0 1 1 0 0 0 0 1 1 0 0 0 1 1 0 0 0 0 0 0 0 0 0 1 0 0 1 0 0 0 1 1 0 0 0 1 0 0 1 1 1 1 0 0 0 0 0 1 0 1 0 0 0 0 0 0 1 0 1 1 0 0 1 0 1 0 1 0 0 0 0 0 0 0 1 1 1 0 0 1 1 0 0 0 0 1 0 0
bandwidth
0,5 91
0,8 100
1,0 95
1,7 196
2,0 155
2,6 199
3,0 129
3,4 135
4,2 166
5,0 141
6,1 197
6,4 90
7,5 81
8,0 56
9,8 116
9,1 176
9,3 160
11,10 168
12,10 126
13,12 147
14,10 148
15,11 90
17,16 140
18,17 84
18,26 159
19,16 112
19,25 121
20,19 92
20,22 105
21,16 156
22,16 57
23,22 146
24,23 139
24,22 117
25,20 182
26,22 69
26,16 173
27,28 181
28,29 157
29,30 189
30,31 152
31,32 64
32,33 52
35,34 104
36,34 64
37,36 182
38,34 59
39,35 177
41,40 182
41,52 104
41,45 52
42,40 159
42,47 72
43,41 118
44,40 197
44,49 194
45,44 153
46,44 123
46,47 65
47,43 143
48,47 86
49,47 136
49,50 122
50,46 124
51,49 166
52,46 115
52,44 113
53,40 147
54,42 109
54,41 163
54,44 142
56,55 129
57,55 58
58,56 179
59,56 171
60,61 128
61,62 146
62,63 131
63,64 84
64,65 149
65,66 100
66,67 178
69,68 143
70,69 64
71,68 179
72,69 89
73,71 149
74,69 140
75,74 141
76,70 84
77,72 78
79,78 71
79,86 190
79,84 151
79,82 67
79,83 73
80,78 141
80,81 129
81,79 157
82,81 94
82,79 55
83,80 142
84,79 149
84,86 143
85,83 154
85,79 170
86,79 60
86,83 172
88,87 196
89,88 118
90,87 110
91,90 181
92,91 130
93,87 80
94,91 128
95,96 166
96,97 71
97,98 113
98,99 114
99,100 199
100,101 145
101,102 182
102,103 113
105,104 57
106,104 134
107,105 73
108,107 199
110,109 110
111,110 79
112,109 66
113,109 149
114,113 70
115,114 89
116,113 59
117,112 157
118,116 115
119,116 163
121,120 189
121,124 140
121,123 126
122,121 83
123,122 197
123,121 117
124,122 159
125,123 135
125,127 177
125,122 130
126,121 192
126,127 61
127,122 105
127,125 195
128,129 113
129,130 73
130,131 87
131,132 125
132,133 96
133,134 95
134,135 60
135,136 151
136,137 61
137,138 178
138,139 196
139,140 193
142,141 61
143,142 112
144,142 71
145,143 125
145,144 166
146,141 111
147,142 98
148,146 92
148,149 75
149,148 98
150,145 99
151,148 76
152,146 162
153,145 137
154,155 114
155,156 76
156,157 191
157,158 58
158,159 138
161,160 145
162,160 97
162,163 73
163,160 117
165,164 164
165,172 122
165,169 105
166,165 197
167,164 195
167,172 135
168,167 194
168,172 152
169,164 100
170,164 179
171,170 184
172,171 136
172,165 107
172,164 135
174,173 57
175,173 109
176,173 186
176,182 140
177,176 108
178,176 77
178,173 185
179,174 155
180,179 89
181,178 129
182,173 151
182,183 150
183,174 83
184,179 109
185,182 192
186,187 123
187,188 109
188,189 200
189,190 90
190,191 134
191,192 109
192,193 72
193,194 116
194,195 114
195,196 153
196,197 99
197,198 164
198,199 143
199,200 144
201,206 77
201,209 53
202,201 89
202,208 109
203,201 97
203,207 180
204,201 200
204,205 88
205,203 143
206,201 184
207,202 178
207,205 79
208,206 114
209,201 138
210,209 143
210,202 64
210,204 172
211,212 158
212,213 50
213,214 107
214,215 152
215,216 138
216,217 85
217,218 56
218,219 77
219,220 176
220,221 81
221,222 132
222,223 53
223,224 77
225,226 107
226,227 89
228,232 158
229,228 52
230,228 199
231,230 85
232,231 174
233,228 191
234,231 87
234,235 160
235,230 146
235,231 92
235,233 183
237,236 167
238,237 95
239,237 92
240,239 56
241,239 122
242,238 175
latency
0,5 4
0,8 2
1,0 4
1,7 4
2,0 3
2,6 4
3,0 2
3,4 2
4,2 4
5,0 2
6,1 2
6,4 2
7,5 2
8,0 4
9,8 3
9,1 3
9,3 4
11,10 4
12,10 4
13,12 4
14,10 3
15,11 4
17,16 4
18,17 3
18,26 4
19,16 4
19,25 3
20,19 3
20,22 3
21,16 3
22,16 2
23,22 3
24,23 3
24,22 3
25,20 3
26,22 4
26,16 4
27,28 4
28,29 3
29,30 3
30,31 4
31,32 2
32,33 4
35,34 4
36,34 4
37,36 4
38,34 3
39,35 3
41,40 3
41,52 3
41,45 4
42,40 4
42,47 4
43,41 2
44,40 4
44,49 4
45,44 3
46,44 3
46,47 4
47,43 3
48,47 4
49,47 3
49,50 3
50,46 3
51,49 3
52,46 2
52,44 4
53,40 2
54,42 4
54,41 3
54,44 3
56,55 3
57,55 3
58,56 4
59,56 4
60,61 4
61,62 3
62,63 4
63,64 4
64,65 3
65,66 4
66,67 3
69,68 3
70,69 3
71,68 4
72,69 3
73,71 3
74,69 3
75,74 3
76,70 4
77,72 4
79,78 3
79,86 4
79,84 4
79,82 4
79,83 2
80,78 3
80,81 4
81,79 4
82,81 2
82,79 3
83,80 4
84,79 3
84,86 3
85,83 4
85,79 4
86,79 3
86,83 3
88,87 3
89,88 4
90,87 3
91,90 3
92,91 3
93,87 2
94,91 2
95,96 3
96,97 3
97,98 2
98,99 3
99,100 2
100,101 3
101,102 4
102,103 4
105,104 4
106,104 2
107,105 2
108,107 3
110,109 4
111,110 2
112,109 4
113,109 2
114,113 3
115,114 3
116,113 3
117,112 4
118,116 2
119,116 4
121,120 3
121,124 2
121,123 3
122,121 4
123,122 3
123,121 4
124,122 3
125,123 4
125,127 2
125,122 4
126,121 4
126,127 4
127,122 4
127,125 4
128,129 2
129,130 3
130,131 4
131,132 4
132,133 4
133,134 3
134,135 4
135,136 4
136,137 4
137,138 4
138,139 3
139,140 4
142,141 3
143,142 4
144,142 2
145,143 4
145,144 3
146,141 3
147,142 4
148,146 3
148,149 3
149,148 4
150,145 3
151,148 3
152,146 3
153,145 3
154,155 3
155,156 4
156,157 3
157,158 3
158,159 3
161,160 2
162,160 4
162,163 4
163,160 3
165,164 2
165,172 2
165,169 4
166,165 2
167,164 4
167,172 3
168,167 4
168,172 2
169,164 3
170,164 4
171,170 3
172,171 4
172,165 3
172,164 3
174,173 2
175,173 4
176,173 3
176,182 4
177,176 3
178,176 4
178,173 4
179,174 4
180,179 3
181,178 4
182,173 3
182,183 4
183,174 4
184,179 3
185,182 3
186,187 3
187,188 3
188,189 3
189,190 2
190,191 4
191,192 3
192,193 2
193,194 3
194,195 3
195,196 3
196,197 3
197,198 3
198,199 2
199,200 4
201,206 3
201,209 3
202,201 3
202,208 2
203,201 2
203,207 3
204,201 4
204,205 4
205,203 4
206,201 3
207,202 3
207,205 4
208,206 4
209,201 3
210,209 4
210,202 2
210,204 4
211,212 3
212,213 4
213,214 2
214,215 3
215,216 4
216,217 4
217,218 4
218,219 3
219,220 3
220,221 3
221,222 2
222,223 2
223,224 3
225,226 3
226,227 2
228,232 2
229,228 2
230,228 2
231,230 3
232,231 4
233,228 2
234,231 3
234,235 3
235,230 4
235,231 2
235,233 4
237,236 2
238,237 3
239,237 3
240,239 4
241,239 4
242,238 3
