core
54 177 162 438 439 213 153 165 5 47 886 124 24 99 551 369 219 210 36 432 217 122 146 12 174 168 9 567 174 90 189 72 447 35 184 799 118 92 232 69 88 225 444 48 18 816 55 165 153 88 890 22 169 216 223 68 780 73 69 195 183 163 90 175 520 687 455 148 726 66 157 73 183 230 44 244 223 542 119 244 421 60 244 128 107 365 25 151 99 54 81 24 692 237 7 734 111 50 439 17 82 168 770 140 120 84 69 48 490 199 97 146 19 23 586 179 57 248 429 196 16 739 161 118 231 787 88 147 42 547 14 193 61 148 231 742 400 685 157 120 82 163 36 5 7 135 95 59 40 147 88 876 638 211 232 632 29 52 471 177 247 143 119 176 42 799 118 92 232 69 88 225 444 48 18 816 55 165 153 88 862 239 151 75 81 49 854 736 100 190 30 209 99 56 154 197 25 729 147 188 100 206 57 837 9 397 176 97 111 68 557 121 7 113 861 220 18 172 19 26 147 193 247 154 811 896 494 152 397 165 66 143 113 29 142
has_camera
0 0 0 0 0 1 1 0 1 0 0 1 0 0 0 0 1 0 0 0 0 1 1 1 1 0 1 0 0 0 1 1 0 0 0 0 0 1 0 0 0 0 0 0 0 0 0 1 1 1 0 0 0 0 1 1 0 0 1 0 1 0 0 0 0 0 0 0 0 0 1 1 1 1 1 1 1 0 1 0 0 0 1 1 1 0 0 0 1 1 1 0 0 1 0 0 0 0 0 0 1 0 0 0 0 1 1 0 0 0 0 1 1 0 0 1 1 0 0 0 0 0 0 1 0 0 1 0 0 0 1 0 0 0 1 0 0 0 0 1 0 0 1 1 1 1 0 1 0 0 0 0 0 1 0 0 1 1 0 0 0 0 0 0 0 0 0 1 0 0 0 0 0 0 0 0 0 1 1 1 0 1 0 0 0 1 0 0 0 0 1 1 0 0 0 0 1 0 0 0 0 0 0 0 1 0 1 0 0 1 0 0 0 0 0 0 0 0 0 0 0 1 1 0 0 0 0 0 0 0 0 0 0 1 0
has_gpu
1 1 0 0 0 1 1 1 0 1 0 1 0 1 0 0 0 1 0 0 0 0 1 0 1 0 0 0 0 0 0 0 0 1 0 0 1 0 0 0 1 0 0 1 0 0 0 1 0 1 0 0 1 1 0 1 0 0 1 0 0 0 1 1 0 0 0 0 0 0 0 0 1 0 0 0 1 0 0 0 0 0 1 0 0 0 0 1 0 0 1 0 0 1 0 0 1 0 0 0 1 1 0 1 0 1 0 0 0 1 1 0 0 0 0 0 0 0 0 1 0 0 0 1 0 0 0 1 0 0 0 1 1 1 0 0 0 0 0 0 0 1 1 1 0 1 1 0 1 1 0 0 0 1 0 0 0 0 0 1 1 1 0 1 1 0 1 0 0 0 1 0 0 1 0 0 0 1 0 1 0 1 1 0 1 0 0 0 1 0 0 1 0 0 1 0 1 0 0 0 0 1 0 0 0 0 1 0 1 1 0 0 1 1 0 0 0 1 0 0 1 0 0 1 0 0 0 1 0 1 0 1 0 0 1
bandwidth
0,1 84
1,2 180
2,3 171
5,4 124
6,5 181
7,4 97
8,6 95
9,8 159
11,10 111
12,11 146
13,11 193
15,14 64
16,15 179
17,15 80
18,16 166
18,17 52
19,14 193
20,15 194
21,19 196
21,22 84
22,21 87
23,18 155
24,21 72
25,19 164
26,18 93
27,31 174
28,27 162
29,27 59
30,29 71
31,30 103
32,27 62
33,30 184
33,34 101
34,29 94
34,30 189
34,32 178
35,36 50
36,35 170
37,35 154
37,45 127
38,36 196
39,38 187
39,37 58
40,36 146
41,35 109
41,47 161
42,35 52
43,38 199
44,39 198
45,35 112
45,37 90
46,38 158
46,37 200
47,38 111
47,40 157
47,41 106
48,38 80
49,36 169
49,41 146
50,55 134
50,56 167
51,50 133
52,50 56
53,50 140
53,56 83
54,50 174
55,52 155
56,50 84
57,58 142
58,59 181
59,60 130
60,61 173
61,62 182
62,63 198
63,64 60
64,65 87
67,66 81
68,66 107
69,67 124
70,68 97
71,70 100
72,67 62
73,67 119
74,71 74
75,67 57
76,67 92
78,77 96
79,77 78
80,77 121
81,79 109
82,80 97
83,80 198
84,78 151
85,77 160
86,82 179
87,85 171
88,80 83
89,87 78
90,79 69
91,87 112
93,92 158
94,93 175
95,97 188
95,96 132
96,95 99
97,96 138
99,98 53
100,98 121
101,98 125
103,102 93
103,105 144
104,102 94
105,102 113
105,106 148
106,105 179
107,105 114
109,108 79
109,111 167
110,108 197
111,108 170
111,112 92
112,111 140
113,111 173
115,114 167
116,115 155
117,114 51
118,120 131
118,119 191
119,118 167
120,119 170
122,121 140
123,122 79
124,123 65
125,121 188
126,123 121
127,125 186
128,124 199
129,121 82
130,124 117
131,122 148
132,128 50
133,125 55
134,131 132
136,135 76
137,135 51
138,137 103
139,136 185
140,137 181
141,136 150
141,138 126
142,141 71
142,135 148
143,138 119
144,142 116
144,145 55
144,135 133
145,140 154
145,144 190
145,138 89
146,140 90
147,148 144
148,149 125
149,150 65
150,151 52
153,152 114
154,152 160
155,152 59
156,155 163
157,153 122
158,152 200
159,155 185
160,153 115
161,155 74
162,154 78
163,155 174
164,157 190
165,166 50
166,165 170
167,165 154
167,175 127
168,166 196
169,168 187
169,167 58
170,166 146
171,165 109
171,177 161
172,165 52
173,168 199
174,169 198
175,165 112
175,167 90
176,168 158
176,167 200
177,168 111
177,170 157
177,171 106
178,168 80
179,166 169
179,171 146
181,180 126
182,180 130
183,182 55
184,180 182
185,181 78
187,186 111
187,192 80
188,187 83
189,187 66
190,188 91
191,187 138
191,190 189
192,189 142
193,192 106
194,188 137
195,191 138
196,195 197
198,197 149
199,197 107
200,197 67
201,200 185
202,201 121
203,197 186
204,201 168
206,205 85
207,206 144
208,206 67
208,210 106
208,217 76
209,207 59
210,205 81
210,206 115
211,210 116
212,207 56
213,211 59
214,205 197
215,214 152
215,207 96
216,213 187
216,205 183
217,208 106
218,219 86
219,220 149
220,221 153
221,222 64
222,223 101
223,224 173
224,225 135
227,226 71
227,234 190
227,232 151
227,230 67
227,231 73
228,226 141
228,229 129
229,227 157
230,229 94
230,227 55
231,228 142
232,227 149
232,234 143
233,231 154
233,227 170
234,227 60
234,231 172
latency
0,1 4
1,2 3
2,3 3
5,4 3
6,5 3
7,4 4
8,6 4
9,8 3
11,10 3
12,11 3
13,11 4
15,14 3
16,15 4
17,15 4
18,16 4
18,17 4
19,14 3
20,15 3
21,19 3
21,22 3
22,21 2
23,18 4
24,21 2
25,19 3
26,18 4
27,31 4
28,27 3
29,27 4
30,29 4
31,30 3
32,27 4
33,30 3
33,34 4
34,29 3
34,30 4
34,32 3
35,36 3
36,35 3
37,35 2
37,45 4
38,36 3
39,38 3
39,37 4
40,36 3
41,35 2
41,47 4
42,35 3
43,38 3
44,39 3
45,35 3
45,37 3
46,38 3
46,37 2
47,38 3
47,40 2
47,41 3
48,38 4
49,36 3
49,41 3
50,55 3
50,56 4
51,50 4
52,50 2
53,50 4
53,56 4
54,50 3
55,52 4
56,50 3
57,58 4
58,59 3
59,60 3
60,61 4
61,62 4
62,63 2
63,64 2
64,65 3
67,66 3
68,66 4
69,67 2
70,68 3
71,70 2
72,67 4
73,67 4
74,71 4
75,67 3
76,67 4
78,77 4
79,77 3
80,77 4
81,79 2
82,80 4
83,80 4
84,78 4
85,77 4
86,82 4
87,85 4
88,80 2
89,87 2
90,79 4
91,87 3
93,92 4
94,93 4
95,97 3
95,96 4
96,95 4
97,96 4
99,98 4
100,98 4
101,98 4
103,102 2
103,105 4
104,102 4
105,102 3
105,106 3
106,105 4
107,105 4
109,108 2
109,111 3
110,108 3
111,108 3
111,112 3
112,111 3
113,111 4
115,114 3
116,115 2
117,114 2
118,120 3
118,119 3
119,118 2
120,119 4
122,121 4
123,122 4
124,123 3
125,121 4
126,123 2
127,125 4
128,124 4
129,121 3
130,124 4
131,122 4
132,128 4
133,125 4
134,131 4
136,135 2
137,135 4
138,137 3
139,136 3
140,137 3
141,136 2
141,138 3
142,141 4
142,135 4
143,138 3
144,142 2
144,145 4
144,135 3
145,140 3
145,144 2
145,138 3
146,140 3
147,148 3
148,149 3
149,150 2
150,151 3
153,152 4
154,152 3
155,152 3
156,155 3
157,153 2
158,152 3
159,155 2
160,153 3
161,155 4
162,154 2
163,155 4
164,157 3
165,166 3
166,165 3
167,165 2
167,175 4
168,166 3
169,168 3
169,167 4
170,166 3
171,165 2
171,177 4
172,165 3
173,168 3
174,169 3
175,165 3
175,167 3
176,168 3
176,167 2
177,168 3
177,170 2
177,171 3
178,168 4
179,166 3
179,171 3
181,180 3
182,180 2
183,182 4
184,180 3
185,181 3
187,186 2
187,192 3
188,187 3
189,187 3
190,188 3
191,187 4
191,190 4
192,189 4
193,192 3
194,188 4
195,191 4
196,195 3
198,197 4
199,197 4
200,197 4
201,200 3
202,201 3
203,197 3
204,201 3
206,205 3
207,206 2
208,206 3
208,210 4
208,217 3
209,207 3
210,205 4
210,206 4
211,210 4
212,207 3
213,211 4
214,205 4
215,214 4
215,207 4
216,213 3
216,205 2
217,208 4
218,219 4
219,220 4
220,221 2
221,222 4
222,223 4
223,224 4
224,225 3
227,226 3
227,234 4
227,232 4
227,230 4
227,231 2
228,226 3
228,229 4
229,227 4
230,229 2
230,227 3
231,228 4
232,227 3
232,234 3
233,231 4
233,227 4
234,227 3
234,231 3
