core
764 214 228 578 154 232 144 69 63 717 210 68 212 890 97 204 19 212 224 43 236 60 108 677 875 216 88 409 70 41 874 206 219 181 217 245 51 864 222 195 114 13 73 129 53 109 206 678 202 808 193 825 240 85 147 157 369 63 35 614 103 118 125 765 143 72 209 91 60 59 805 192 176 101 481 188 123 25 34 36 239 40 163 506 204 787 734 212 109 75 30 219 695 245 127 223 555 136 17 209 75 851 90 134 211 180 56 134 9 686 451 49 245 237 120 71 636 228 129 52 146 22 778 171 211 14 794 92 143 10 63 595 111 246 12 65 5 615 120 133 408 149 115 28 69 97 247 874 26 46 25 182 174 239 118 235 216 179 114 482 576 454 747 787 179 195 7 423 95 195 192 68 160 186 59 61 45 232 83 226 669 656 194 206 124 67 97 146 191 112 372 434 41 26 131 35 57 18 218 157 213 121 211 169 619 456 364 375 138 193 13 51 23 704 188 168 457 187 89 482 170 82 73
has_camera
0 1 0 0 0 0 0 0 1 0 1 0 0 0 0 1 1 1 1 1 0 1 1 0 0 1 0 0 1 0 0 0 1 0 0 0 0 0 1 0 1 0 1 0 0 1 0 0 0 0 0 0 0 1 1 0 0 0 0 0 0 1 0 0 0 1 0 0 1 1 0 0 1 1 0 0 1 1 0 0 0 1 1 0 0 0 0 0 1 1 0 0 0 1 0 0 0 1 1 0 1 0 1 1 0 0 1 0 0 0 0 1 0 1 0 0 0 0 1 0 0 0 0 0 1 1 0 0 0 0 1 0 0 0 1 0 1 0 0 1 0 0 0 1 1 0 0 0 0 0 0 0 0 0 0 1 0 0 0 0 0 0 0 0 0 1 0 0 0 0 0 1 0 0 0 1 1 0 0 0 0 0 1 0 1 1 0 0 0 0 0 0 1 1 0 1 0 0 0 1 0 0 0 1 0 0 0 0 0 0 0 1 1 0 0 0 0 1 0 0 0 0 0
has_gpu
0 0 0 0 0 0 0 0 0 0 1 0 1 0 0 1 0 1 0 0 0 0 0 0 0 0 1 0 1 0 0 0 1 0 1 0 0 0 0 0 1 1 0 1 0 0 0 0 0 0 0 0 1 1 1 1 0 0 0 0 0 1 1 0 1 0 0 0 0 1 0 0 0 1 0 1 0 0 1 0 0 1 0 0 1 0 0 1 0 0 0 1 0 1 0 1 0 1 1 0 0 0 1 1 1 0 0 1 0 0 0 0 1 1 1 1 0 0 1 0 0 1 0 0 1 0 0 0 0 1 1 0 0 1 1 0 0 0 0 1 0 0 1 0 0 1 1 0 1 0 1 1 1 0 0 1 0 1 1 0 0 0 0 0 0 0 1 0 1 1 1 0 0 0 0 1 0 1 0 0 0 0 1 0 1 0 0 1 0 1 0 0 0 0 1 0 1 1 0 0 0 0 1 1 0 0 0 0 1 1 1 1 0 0 0 1 0 0 0 0 0 1 0
bandwidth
1,0 115
2,0 64
3,0 178
3,9 91
4,3 200
5,3 152
5,0 152
6,1 167
7,6 63
8,5 149
9,0 158
9,10 136
10,1 193
11,6 192
12,9 97
14,13 198
15,13 166
16,15 141
17,13 68
18,13 68
19,18 107
20,13 189
21,16 119
22,17 143
23,13 200
25,24 143
26,24 198
27,24 128
28,27 52
29,25 76
30,24 158
31,27 146
32,25 66
33,27 62
34,26 151
35,27 195
36,29 126
38,37 83
39,37 183
40,37 55
41,40 92
41,44 136
42,41 62
43,37 171
43,46 80
44,43 187
45,39 129
46,38 81
47,37 157
48,43 53
48,49 85
49,37 147
50,43 179
52,51 164
52,58 74
53,51 127
53,52 114
54,51 82
54,55 66
54,58 176
55,51 182
56,51 159
56,52 163
57,56 142
57,53 58
58,53 105
60,59 128
61,60 161
62,59 175
63,59 106
64,63 165
65,64 63
66,63 97
67,62 60
68,66 156
69,66 130
71,70 176
71,82 111
71,75 140
72,70 141
72,77 81
73,71 63
74,70 60
74,79 102
75,74 189
76,74 74
76,77 152
77,73 73
78,77 147
79,77 146
79,80 198
80,76 90
81,79 62
82,76 53
82,74 118
83,70 172
84,72 192
84,71 181
84,74 144
86,85 85
87,86 166
88,86 57
89,88 194
90,88 81
91,87 121
93,92 187
94,92 115
95,93 52
96,92 173
97,93 114
98,97 161
99,93 142
100,97 192
102,101 91
102,105 161
103,101 109
104,102 186
105,104 147
106,105 156
107,104 83
108,105 52
108,111 189
108,103 177
109,101 158
110,101 83
111,106 167
111,115 74
112,110 153
113,110 81
113,109 92
114,102 192
114,106 90
115,107 59
117,116 197
118,116 143
119,118 102
120,116 96
121,119 102
122,116 57
123,118 139
124,117 168
125,119 70
127,126 72
128,126 60
129,128 153
130,128 131
132,131 126
133,132 138
134,133 157
134,136 60
134,131 92
135,133 105
136,134 50
136,133 61
137,131 127
137,141 56
137,135 102
138,132 121
139,133 104
139,138 97
140,131 90
140,134 96
141,138 111
141,139 111
142,137 93
142,139 117
143,144 56
144,145 178
145,146 96
146,147 51
148,149 164
149,150 54
150,151 110
151,152 77
152,153 194
153,154 186
154,155 107
155,156 200
156,157 153
157,158 132
158,159 165
159,160 154
160,161 135
163,162 77
164,163 66
165,163 197
166,164 188
166,165 188
167,162 123
168,163 157
169,167 75
169,170 198
170,169 165
171,166 177
172,169 57
173,167 64
174,166 195
175,176 180
176,177 166
177,178 163
178,179 118
179,180 77
182,181 110
183,182 60
184,181 121
185,183 116
186,183 173
187,181 101
188,184 187
189,181 91
190,181 75
191,181 98
192,186 59
193,185 86
194,189 127
195,196 116
196,197 109
197,198 78
198,199 163
199,200 89
200,201 126
201,202 195
202,203 105
203,204 76
204,205 135
205,206 160
208,207 52
209,208 66
210,209 74
210,212 91
210,207 87
211,209 107
212,210 123
212,209 134
213,207 87
213,217 187
213,211 132
214,208 67
215,209 60
215,214 148
216,207 55
216,210 196
217,214 61
217,215 166
218,213 170
218,215 72
219,221 107
220,219 166
221,219 180
221,222 99
222,221 79
latency
1,0 4
2,0 3
3,0 4
3,9 3
4,3 2
5,3 4
5,0 3
6,1 3
7,6 4
8,5 2
9,0 4
9,10 3
10,1 2
11,6 4
12,9 4
14,13 3
15,13 4
16,15 2
17,13 4
18,13 4
19,18 2
20,13 2
21,16 3
22,17 2
23,13 2
25,24 2
26,24 3
27,24 4
28,27 3
29,25 3
30,24 3
31,27 4
32,25 4
33,27 3
34,26 2
35,27 4
36,29 3
38,37 4
39,37 3
40,37 4
41,40 4
41,44 2
42,41 4
43,37 3
43,46 3
44,43 3
45,39 4
46,38 4
47,37 3
48,43 4
48,49 4
49,37 3
50,43 4
52,51 2
52,58 4
53,51 2
53,52 3
54,51 3
54,55 4
54,58 4
55,51 2
56,51 4
56,52 3
57,56 2
57,53 3
58,53 4
60,59 2
61,60 3
62,59 4
63,59 3
64,63 3
65,64 4
66,63 3
67,62 4
68,66 4
69,66 4
71,70 4
71,82 4
71,75 4
72,70 4
72,77 4
73,71 4
74,70 4
74,79 3
75,74 3
76,74 3
76,77 4
77,73 3
78,77 3
79,77 4
79,80 4
80,76 4
81,79 4
82,76 4
82,74 2
83,70 4
84,72 3
84,71 3
84,74 3
86,85 4
87,86 3
88,86 3
89,88 4
90,88 3
91,87 3
93,92 3
94,92 4
95,93 2
96,92 4
97,93 3
98,97 4
99,93 3
100,97 4
102,101 3
102,105 4
103,101 2
104,102 3
105,104 4
106,105 2
107,104 2
108,105 3
108,111 4
108,103 3
109,101 4
110,101 3
111,106 2
111,115 4
112,110 4
113,110 4
113,109 3
114,102 3
114,106 3
115,107 3
117,116 4
118,116 3
119,118 3
120,116 4
121,119 2
122,116 4
123,118 4
124,117 4
125,119 4
127,126 4
128,126 4
129,128 2
130,128 4
132,131 2
133,132 4
134,133 4
134,136 3
134,131 2
135,133 3
136,134 4
136,133 4
137,131 4
137,141 2
137,135 2
138,132 2
139,133 4
139,138 3
140,131 4
140,134 3
141,138 3
141,139 3
142,137 3
142,139 3
143,144 3
144,145 4
145,146 3
146,147 2
148,149 3
149,150 3
150,151 3
151,152 3
152,153 4
153,154 2
154,155 3
155,156 3
156,157 3
157,158 4
158,159 3
159,160 4
160,161 4
163,162 3
164,163 4
165,163 4
166,164 3
166,165 3
167,162 3
168,163 4
169,167 3
169,170 3
170,169 4
171,166 3
172,169 4
173,167 3
174,166 4
175,176 4
176,177 4
177,178 4
178,179 4
179,180 3
182,181 2
183,182 4
184,181 3
185,183 2
186,183 4
187,181 3
188,184 3
189,181 4
190,181 4
191,181 2
192,186 3
193,185 3
194,189 4
195,196 4
196,197 4
197,198 4
198,199 4
199,200 4
200,201 4
201,202 3
202,203 4
203,204 3
204,205 2
205,206 4
208,207 3
209,208 3
210,209 4
210,212 4
210,207 4
211,209 3
212,210 4
212,209 2
213,207 4
213,217 2
213,211 2
214,208 3
215,209 3
215,214 4
216,207 4
216,210 3
217,214 3
217,215 3
218,213 3
218,215 3
219,221 4
220,219 3
221,219 3
221,222 3
222,221 4
