2 0.15
3 0.2
4 0.19
5 0.23
6 0.25
7 0.23
8 0.21
9 0.27
10 0.25
11 0.27
12 0.27
13 0.26
14 0.25
15 0.25
16 0.24
17 0.25
18 0.25
19 0.23
20 0.25
21 0.24
22 0.24
23 0.24
24 0.23
25 0.22
26 0.24
27 0.23
28 0.22
29 0.21
30 0.23
31 0.21
32 0.21
33 0.2
34 0.21
35 0.21
36 0.2
37 0.21
38 0.21
39 0.21
40 0.19
41 0.18
42 0.2
43 0.19
44 0.2
45 0.19
46 0.2
47 0.2
48 0.21
49 0.21
50 0.18
51 0.19
52 0.19
53 0.19
54 0.18
55 0.19
56 0.19
57 0.19
58 0.18
59 0.19
60 0.19
61 0.18
62 0.19
63 0.18
64 0.18
65 0.19
66 0.16
67 0.19
68 0.19
69 0.18
70 0.17
71 0.18
72 0.17
73 0.17
74 0.18
75 0.18
76 0.17
77 0.18
78 0.17
79 0.17
80 0.17
81 0.17
82 0.17
83 0.17
84 0.17
85 0.16
86 0.17
87 0.16
88 0.16
89 0.17
90 0.17
91 0.17
92 0.17
93 0.16
94 0.16
95 0.16
96 0.16
97 0.15
98 0.16
99 0.16
100 0.16
