network_030

1,636;0,01;216,0;216,0
1,077;0,02;437,15625;440,0
2,273;0,02;677,6399393619696;690,0
1,007;0,02;733,0;733,0
1,119;0,02;605,7597227570274;606,0
4,394;0,03;971,6914070891514;1001,0
9,171;0,12;1315,0581051197275;1495,0
5,026;0,03;1115,043196742875;1141,0
5,016;0,05;1635,786830205534;1712,0
7,698;0,08;1808,3447165873793;1869,0
14,657;0,30;1873,3928601390114;2329,0
19,465;0,17;2339,223229802733;2715,0
11,224;0,12;1806,9263449055468;1880,0
17,315;0,93;2984,9490765666656;None
11,661;0,39;2299,6452576044676;2516,0
7,174;0,69;2595,680952538137;2785,0
14,206;1,01;2924,103154097;None
14,857;0,64;2411,0597692376696;2577,0
26,745;5,15;3671,2366140992826;None
31,383;INFEASIBLE INSTANCE;None
12,501;0,80;2467,7187061097675;2647,0
14,885;0,69;2623,377948535213;2725,0
36,120;1,25;3724,708510564291;None
34,048;6,82;4870,351001357423;None
55,721;7,53;4449,00364494068;None
66,706;2,21;4629,362701084364;None
160,411;INFEASIBLE INSTANCE;None
21,272;8,76;4200,427987284548;None
54,567;11,40;3812,7610643530315;None
46,188;9,46;3899,1395443334804;None
140,334;INFEASIBLE INSTANCE;None
110,404;INFEASIBLE INSTANCE;None
103,469;INFEASIBLE INSTANCE;None
73,693;INFEASIBLE INSTANCE;None
132,517;INFEASIBLE INSTANCE;None
41,941;3,42;5005,94938181601;None
39,341;INFEASIBLE INSTANCE;None
109,908;INFEASIBLE INSTANCE;None
147,752;INFEASIBLE INSTANCE;None
90,571;INFEASIBLE INSTANCE;None
82,170;INFEASIBLE INSTANCE;None
139,622;INFEASIBLE INSTANCE;None

network_040

1,675;0,01;342,0;342,0
4,543;0,06;692,6812699980338;699,0
5,095;0,02;442,82629107981217;445,0
0,734;0,01;430,8609939801347;437,0
8,066;0,03;1302,8956979182844;1364,0
6,048;0,03;1000,0923421262988;1008,0
11,445;0,03;1136,9683122018023;1157,0
5,393;0,03;1193,084874520402;1246,0
14,785;0,05;1540,8248486429757;1590,0
13,028;0,14;2079,9547201099335;2162,0
13,297;0,16;1771,7640938862496;1891,0
11,135;0,13;1755,9469996196265;2036,0
7,425;0,04;1537,8042979126471;1573,0
24,196;0,30;2212,210510858965;2377,0
27,863;0,47;2589,26284308574;3380,0
25,954;1,32;2340,6871014553253;2657,0
22,985;0,55;2658,480368538902;2957,0
19,556;0,37;2400,6883393243306;2513,0
37,824;5,93;3474,570656574564;None
24,295;4,12;3037,3419214300984;3717,0
45,630;9,94;3776,2073801402585;None
21,133;0,28;2670,637452000974;2736,0
19,811;0,78;3059,710751338515;3191,0
21,322;0,89;2890,289541011505;3012,0
27,994;8,34;3660,73324646055;4114,0
149,137;8,04;4887,358643108546;None
19,497;0,61;2761,02933432107;2832,0
28,346;0,91;2899,1708020353904;3058,0
61,396;68,59;4181,707879816758;4895,0
129,708;15,18;4654,437464291827;None
146,313;102,39;6470,521110240116;None
94,511;44,27;5311,701513922742;None
102,184;12,57;5033,055779284055;None
67,173;119,63;5687,614176083638;None
143,695;127,67;6650,439886904105;None
48,984;5,86;4303,722986427166;None
99,074sINFEASIBLE INSTANCE;None
122,120;87,71;6397,192917667613;None
128,929;159,28;5970,684161453025;None
257,607sINFEASIBLE INSTANCE;None
86,777;210,49;5635,691750350792;None
134,005;32,10;6170,6640984342175;None

network_050

3,995;0,02;750,1952995696789;755,0
9,468;0,02;867,0155226393749;874,0
10,287;0,04;885,7511624219073;957,0
12,762;0,15;1288,9073741999696;1384,0
21,338;0,09;1045,9634072256783;1086,0
13,309;0,04;1352,9290524678408;1396,0
6,410;0,05;1108,734405711648;1129,0
38,421;0,25;1532,485538320133;1610,0
14,954;0,07;1598,816250408015;1690,0
20,353;0,13;1647,3185761098778;1750,0
57,229;0,07;2222,9251210077036;2438,0
23,134;0,15;1788,5462102137426;1857,0
21,826;0,58;2223,2307275620046;2410,0
18,195;0,31;1876,9726099627546;1937,0
50,920;0,44;2437,0374343669914;2786,0
50,417;0,91;2961,176747847634;3168,0
23,849;0,36;1989,014925144101;2100,0
50,846;0,82;2565,185190775986;2734,0
62,806;1,10;3187,3080137702204;3403,0
22,089;0,42;2004,4207246228916;2089,0
26,626;0,16;2181,7219132619693;2275,0
84,213;6,63;4312,718281082611;None
78,518;2,67;3614,8028222553817;3813,0
34,211;0,46;2672,884478224726;2792,0
35,995;1,75;3294,13674924341;3458,0
176,145;10,73;4579,426347619885;None
257,317;20,91;5652,460775402159;None
72,076;7,66;4405,551626347075;4633,0
73,024;1,82;3424,408371774203;3722,0
133,765;33,89;4859,041923383662;None
63,385;5,00;4645,923608807477;4795,0
76,300;14,61;5360,838115571666;6412,0
179,971;19,61;5217,5170044009765;None
373,172;258,38;6169,200329048172;None
188,559;11,35;6173,3763358514725;None
91,610;160,68;5425,901061180155;None
173,779;17,95;5821,754923057396;None
174,515;146,05;6569,9299425741;None
105,263;13,42;4598,697227420747;5627,0
166,352;156,60;6929,417063379953;None
177,466;82,12;5577,80952565911;6297,0
72,653;39,91;5076,998492096512;5541,0


network_060

6,668;0,03;526,1113951381994;539,0
11,141;0,03;951,7735974945261;997,0
2,821;0,06;374,86899563318775;375,0
24,261;0,07;1493,035897476981;1538,0
9,997;0,09;991,0295474407758;1001,0
12,504;0,03;944,4810756720276;958,0
69,802;0,20;2587,738771507085;2717,0
29,711;0,14;1807,6566362419485;1894,0
24,229;0,10;1328,4912732278883;1357,0
19,181;0,06;1225,3008976320173;1254,0
6,702;0,03;746,4849645320035;762,0
40,626;0,11;1699,0818848752585;1803,0
36,242;0,20;1935,036004590163;2008,0
55,166;0,48;2090,392253049915;2265,0
26,508;0,05;1752,139944433548;1789,0
72,131;0,91;2483,6972832096385;2794,0
37,583;0,11;1542,323407783046;1584,0
76,381;0,62;2591,4488603072523;2750,0
59,319;0,35;2631,7255919564104;2766,0
64,321;1,25;3015,090481426059;3273,0
74,431;0,80;3345,5101349520087;3624,0
157,221;1,32;3301,8566693645917;3810,0
125,655;0,83;3696,7945322585647;4065,0
46,928;0,69;2943,970503941278;3086,0
91,909;2,27;3486,616668740603;3657,0
104,469;1,59;3685,845396917649;3849,0
248,812;20,03;5320,820925265642;None
152,989;9,27;3815,025166671892;4100,0
90,571;4,95;3980,196954647669;4317,0
109,682;1,63;3380,9063952568554;3624,0
191,883;1,13;3751,3858964168594;3993,0
50,222;1,23;3302,657402334866;3455,0
64,678;0,67;3273,968159587501;3360,0
282,316;10,19;6116,087685511202;None
173,308;365,63;5445,117063913297;6058,0
153,221;6,37;4409,538000463615;4811,0
265,794;102,40;6307,366821163605;None
198,255;181,47;5934,068855598932;None
233,974;114,02;5429,112069922657;None
335,505;197,81;6925,619983196357;None
226,029;1210,50;6688,9293336091405;8056,0
174,735;207,97;6035,753209600325;6519,0

network_070

5,875;0,02;264,0;264,0
19,648;0,03;1045,4301521710117;1063,0
12,772;0,03;757,1561422996953;779,0
96,031;0,02;1404,3066740469108;1412,0
19,038;0,04;1248,9429142486129;1305,0
29,840;0,04;904,2055353901997;917,0
41,364;0,08;1597,149974954517;1675,0
35,654;0,08;1571,4822714895952;1632,0
84,512;0,10;2129,395890404284;2404,0
24,572;0,17;1529,213658473041;1607,0
57,307;0,05;1792,559603205134;1812,0
53,576;0,12;1820,1127914913059;1867,0
80,015;0,24;2680,957782529548;2920,0
51,598;0,62;2331,602694319732;2445,0
45,721;0,19;1806,617471591789;1872,0
84,481;0,53;2751,2763848114187;2906,0
115,762;0,64;2531,6057214097546;2697,0
47,630;0,20;1861,8947898336469;1911,0
80,019;0,64;2714,5088768159953;2880,0
57,980;0,74;2376,3154406195717;2508,0
156,742;2,81;3389,6328884603267;3562,0
328,444;1,81;4156,472913832606;4965,0
172,247;2,63;3539,9900495021484;3772,0
111,461;1,57;2793,3244193229293;2928,0
216,724;6,71;4551,491269956739;4788,0
72,641;1,63;3368,5776385039535;3504,0
198,801;29,82;4743,454380868174;5040,0
248,437;84,93;5004,425744704811;6048,0
95,581;3,38;3512,4885843969096;3661,0
180,729;129,44;5118,768429118576;5787,0
231,178;63,46;4864,866724539005;5833,0
202,940;4,13;5001,685131706104;5217,0
331,527;57,76;5642,729909832877;6206,0
231,679;23,47;4784,957110560176;5167,0
142,871;2,28;4158,7684489815765;4310,0
482,772;18,66;6599,369029252733;None
256,995;94,94;5981,804844010254;6515,0
97,149;0,93;3354,6484951652783;3512,0
174,314;6,52;4536,638943502045;4763,0
221,938;48,58;5540,909922122769;5829,0
436,557;336,34;7216,971908240144;None
220,557;135,98;5938,15246348796;6752,0

network_080

5,655;0,01;411,7944853486189;416,0
14,895;0,01;346,0;346,0
10,609;0,02;900,9286387243981;916,0
71,488;0,10;1639,6794081951068;1728,0
50,400;0,05;786,9888673501687;819,0
7,162;0,01;320,0;320,0
69,401;0,10;1436,2656207092427;1487,0
38,617;0,11;1512,3234422065734;1577,0
48,585;0,09;1237,4419705874732;1279,0
65,664;0,15;1611,8403568217482;1663,0
69,868;0,11;1461,882072778566;1555,0
109,549;0,14;1638,258143171291;1746,0
70,871;0,29;2043,149582938094;2140,0
62,068;0,09;1355,1661116036219;1394,0
70,883;0,76;2179,011069497321;2356,0
144,617;1,50;2852,6442933386256;3131,0
91,964;0,34;2623,7748832143134;2738,0
66,050;0,19;1605,063981175654;1637,0
158,360;0,26;2418,0098082047225;2662,0
71,699;0,25;1665,7464467024597;1729,0
117,547;0,38;2530,6287188208607;2629,0
228,069;5,49;3430,3577942653037;3713,0
138,157;3,12;2959,7541718796338;3101,0
216,055;5,15;3763,4740802488072;4084,0
173,635;3,73;3346,4697991505623;3514,0
179,359;0,71;2763,4098078718152;2899,0
182,546;1,18;3274,9926341885634;3386,0
261,731;13,62;4136,483224900911;5249,0
186,473;7,24;3947,392239382568;4132,0
388,544;89,25;5355,687683898179;6748,0
284,047;17,12;4535,83667201569;4813,0
212,496;8,47;4142,935820521852;4344,0
257,983;4,23;4936,392288528645;5244,0
216,302;11,18;4245,866376384131;4496,0
578,146;171,02;5712,329613945395;None
203,720;3,27;3592,6435262701257;3740,0
399,170;112,13;5222,7295371041155;None
228,586;4,77;3990,0835974459596;4129,0
288,913;106,04;5542,304345152429;6355,0
578,779;182,28;6040,321196002202;None
469,725;145,00;6171,073388492304;6904,0
335,101;163,22;5912,131992834316;None

network_090
36,802;0,04;995,5769817760169;1026,0
18,748;0,03;508,7333333333333;511,0
16,283;0,03;543,0;543,0
20,828;0,06;742,8012255398797;752,0
20,301;0,03;696,3736345375288;699,0
28,957;0,06;952,3776878996882;968,0
31,628;0,12;968,0675463820703;980,0
50,832;0,08;1432,0271240535872;1465,0
82,190;0,14;1797,6578226290612;1912,0
77,627;0,20;1447,6735018830027;1535,0
81,217;0,12;1759,4130563504507;1901,0
68,100;0,13;1278,5694082884963;1318,0
126,589;0,65;2097,9063640459954;2218,0
116,074;0,34;1844,035572272604;1921,0
143,195;0,83;2463,90567530246;2592,0
147,957;0,92;2355,3569578788233;2497,0
52,667;0,34;1759,7990178522687;1853,0
142,890;0,52;1813,1229798839609;1860,0
64,507;0,22;1754,9638728266495;1817,0
198,844;1,29;2557,739841582612;2778,0
226,293;0,57;2461,986343356981;2589,0
247,039;1,90;3626,090677592495;3903,0
329,320;17,46;3675,8065490269864;4470,0
163,231;0,74;2923,101849253516;3030,0
170,121;2,60;3107,7638777119396;3247,0
226,307;1,69;3242,469705941821;3433,0
352,669;1,45;3008,757283951624;3206,0
367,295;2,02;3975,1049450241367;4344,0
358,148;11,13;3867,019573875987;4089,0
418,332;18,95;5127,236749361915;5538,0
320,288;43,19;5084,734325715108;5399,0
388,143;17,69;3961,885850067671;4209,0
196,805;2,56;3852,385167845829;3996,0
229,892;1,12;4079,2147640826843;4215,0
372,673;7,19;5456,851967101169;5812,0
252,321;9,61;4744,406871534388;5050,0
277,178;5,79;3843,6606040335723;4064,0
474,705;24,84;5122,143649584855;5439,0
629,652;50,49;5704,626948971058;None
796,838;76,37;6751,499472527469;None
558,162;164,26;6229,002035256076;6664,0
390,060;11,96;5157,324625619845;5393,0